# Probe 0 (0.5 0.5 0.05)
# Time        0            
7.001         -0.0181568   
7.002         -0.01816     
7.003         -0.0181617   
7.004         -0.0181637   
7.005         -0.0181659   
7.006         -0.0181681   
7.007         -0.0181703   
7.008         -0.0181724   
7.009         -0.0181746   
7.01          -0.0181767   
7.011         -0.0181788   
7.012         -0.018181    
7.013         -0.0181831   
7.014         -0.0181853   
7.015         -0.0181875   
7.016         -0.0181896   
7.017         -0.0181917   
7.018         -0.0181939   
7.019         -0.0181961   
7.02          -0.0181983   
7.021         -0.0182004   
7.022         -0.0182026   
7.023         -0.0182048   
7.024         -0.0182069   
7.025         -0.018209    
7.026         -0.0182113   
7.027         -0.0182133   
7.028         -0.0182155   
7.029         -0.0182177   
7.03          -0.0182199   
7.031         -0.0182221   
7.032         -0.0182242   
7.033         -0.0182264   
7.034         -0.0182285   
7.035         -0.0182307   
7.036         -0.0182328   
7.037         -0.018235    
7.038         -0.0182371   
7.039         -0.0182393   
7.04          -0.0182415   
7.041         -0.0182436   
7.042         -0.0182457   
7.043         -0.0182479   
7.044         -0.0182501   
7.045         -0.0182523   
7.046         -0.0182545   
7.047         -0.0182566   
7.048         -0.0182588   
7.049         -0.0182609   
7.05          -0.0182631   
7.051         -0.0182652   
7.052         -0.0182674   
7.053         -0.0182694   
7.054         -0.0182717   
7.055         -0.0182738   
7.056         -0.018276    
7.057         -0.0182782   
7.058         -0.0182804   
7.059         -0.0182825   
7.06          -0.0182847   
7.061         -0.0182869   
7.062         -0.018289    
7.063         -0.0182911   
7.064         -0.0182933   
7.065         -0.0182956   
7.066         -0.0182976   
7.067         -0.0182997   
7.068         -0.0183019   
7.069         -0.0183041   
7.07          -0.0183062   
7.071         -0.0183084   
7.072         -0.0183105   
7.073         -0.0183127   
7.074         -0.0183148   
7.075         -0.018317    
7.076         -0.0183192   
7.077         -0.0183213   
7.078         -0.0183235   
7.079         -0.0183257   
7.08          -0.0183278   
7.081         -0.0183299   
7.082         -0.0183321   
7.083         -0.0183343   
7.084         -0.0183364   
7.085         -0.0183386   
7.086         -0.0183408   
7.087         -0.0183429   
7.088         -0.0183451   
7.089         -0.0183472   
7.09          -0.0183495   
7.091         -0.0183516   
7.092         -0.0183537   
7.093         -0.0183559   
7.094         -0.018358    
7.095         -0.0183602   
7.096         -0.0183623   
7.097         -0.0183644   
7.098         -0.0183666   
7.099         -0.0183688   
7.1           -0.0183709   
7.101         -0.0183731   
7.102         -0.0183752   
7.103         -0.0183774   
7.104         -0.0183795   
7.105         -0.0183817   
7.106         -0.0183838   
7.107         -0.018386    
7.108         -0.0183883   
7.109         -0.0183902   
7.11          -0.0183925   
7.111         -0.0183946   
7.112         -0.0183968   
7.113         -0.018399    
7.114         -0.0184012   
7.115         -0.0184033   
7.116         -0.0184055   
7.117         -0.0184076   
7.118         -0.0184099   
7.119         -0.018412    
7.12          -0.018414    
7.121         -0.0184161   
7.122         -0.0184183   
7.123         -0.0184205   
7.124         -0.0184227   
7.125         -0.0184249   
7.126         -0.018427    
7.127         -0.0184291   
7.128         -0.0184312   
7.129         -0.0184334   
7.13          -0.0184355   
7.131         -0.0184377   
7.132         -0.0184398   
7.133         -0.018442    
7.134         -0.0184441   
7.135         -0.0184463   
7.136         -0.0184483   
7.137         -0.0184505   
7.138         -0.0184527   
7.139         -0.0184548   
7.14          -0.0184569   
7.141         -0.0184591   
7.142         -0.0184613   
7.143         -0.0184635   
7.144         -0.0184658   
7.145         -0.0184679   
7.146         -0.01847     
7.147         -0.0184722   
7.148         -0.0184743   
7.149         -0.0184764   
7.15          -0.0184785   
7.151         -0.0184806   
7.152         -0.0184828   
7.153         -0.018485    
7.154         -0.0184872   
7.155         -0.0184893   
7.156         -0.0184913   
7.157         -0.0184936   
7.158         -0.0184957   
7.159         -0.0184979   
7.16          -0.0185      
7.161         -0.0185022   
7.162         -0.0185044   
7.163         -0.0185065   
7.164         -0.0185087   
7.165         -0.0185108   
7.166         -0.0185129   
7.167         -0.0185151   
7.168         -0.0185172   
7.169         -0.0185194   
7.17          -0.0185216   
7.171         -0.0185238   
7.172         -0.0185259   
7.173         -0.018528    
7.174         -0.0185302   
7.175         -0.0185323   
7.176         -0.0185344   
7.177         -0.0185365   
7.178         -0.0185387   
7.179         -0.0185408   
7.18          -0.018543    
7.181         -0.0185451   
7.182         -0.0185473   
7.183         -0.0185495   
7.184         -0.0185516   
7.185         -0.0185537   
7.186         -0.0185559   
7.187         -0.0185581   
7.188         -0.0185602   
7.189         -0.0185624   
7.19          -0.0185646   
7.191         -0.0185668   
7.192         -0.018569    
7.193         -0.0185709   
7.194         -0.018573    
7.195         -0.0185752   
7.196         -0.0185773   
7.197         -0.0185795   
7.198         -0.0185816   
7.199         -0.0185838   
7.2           -0.0185859   
7.201         -0.0185881   
7.202         -0.0185903   
7.203         -0.0185927   
7.204         -0.0185946   
7.205         -0.0185967   
7.206         -0.0185989   
7.207         -0.0186011   
7.208         -0.0186033   
7.209         -0.0186054   
7.21          -0.0186075   
7.211         -0.0186096   
7.212         -0.0186117   
7.213         -0.0186138   
7.214         -0.0186159   
7.215         -0.0186181   
7.216         -0.0186202   
7.217         -0.0186224   
7.218         -0.0186245   
7.219         -0.0186267   
7.22          -0.0186287   
7.221         -0.018631    
7.222         -0.0186331   
7.223         -0.0186353   
7.224         -0.0186375   
7.225         -0.0186396   
7.226         -0.0186418   
7.227         -0.0186439   
7.228         -0.0186461   
7.229         -0.0186482   
7.23          -0.0186503   
7.231         -0.0186525   
7.232         -0.0186547   
7.233         -0.0186568   
7.234         -0.018659    
7.235         -0.0186611   
7.236         -0.0186632   
7.237         -0.0186654   
7.238         -0.0186675   
7.239         -0.0186698   
7.24          -0.0186717   
7.241         -0.0186739   
7.242         -0.0186761   
7.243         -0.0186782   
7.244         -0.0186804   
7.245         -0.0186826   
7.246         -0.0186847   
7.247         -0.0186869   
7.248         -0.018689    
7.249         -0.0186912   
7.25          -0.0186933   
7.251         -0.0186955   
7.252         -0.0186979   
7.253         -0.0186998   
7.254         -0.0187019   
7.255         -0.018704    
7.256         -0.0187061   
7.257         -0.0187082   
7.258         -0.0187103   
7.259         -0.0187124   
7.26          -0.0187146   
7.261         -0.0187167   
7.262         -0.0187189   
7.263         -0.018721    
7.264         -0.0187232   
7.265         -0.0187253   
7.266         -0.0187275   
7.267         -0.0187296   
7.268         -0.0187317   
7.269         -0.0187339   
7.27          -0.0187362   
7.271         -0.0187382   
7.272         -0.0187403   
7.273         -0.0187425   
7.274         -0.0187446   
7.275         -0.0187468   
7.276         -0.0187489   
7.277         -0.0187511   
7.278         -0.0187532   
7.279         -0.0187554   
7.28          -0.0187575   
7.281         -0.0187597   
7.282         -0.0187618   
7.283         -0.0187639   
7.284         -0.0187661   
7.285         -0.0187682   
7.286         -0.0187703   
7.287         -0.0187725   
7.288         -0.0187746   
7.289         -0.0187768   
7.29          -0.0187788   
7.291         -0.018781    
7.292         -0.0187832   
7.293         -0.0187853   
7.294         -0.0187875   
7.295         -0.0187895   
7.296         -0.0187918   
7.297         -0.0187939   
7.298         -0.018796    
7.299         -0.0187982   
7.3           -0.0188004   
7.301         -0.0188027   
7.302         -0.0188046   
7.303         -0.0188068   
7.304         -0.0188089   
7.305         -0.0188111   
7.306         -0.0188132   
7.307         -0.0188153   
7.308         -0.0188174   
7.309         -0.0188195   
7.31          -0.0188216   
7.311         -0.0188238   
7.312         -0.0188259   
7.313         -0.0188281   
7.314         -0.0188302   
7.315         -0.0188323   
7.316         -0.0188344   
7.317         -0.0188366   
7.318         -0.0188388   
7.319         -0.0188409   
7.32          -0.0188431   
7.321         -0.0188452   
7.322         -0.0188473   
7.323         -0.0188494   
7.324         -0.0188516   
7.325         -0.0188537   
7.326         -0.0188558   
7.327         -0.0188581   
7.328         -0.0188602   
7.329         -0.0188624   
7.33          -0.0188645   
7.331         -0.0188666   
7.332         -0.0188688   
7.333         -0.0188709   
7.334         -0.0188731   
7.335         -0.0188752   
7.336         -0.0188773   
7.337         -0.0188794   
7.338         -0.0188815   
7.339         -0.0188837   
7.34          -0.0188858   
7.341         -0.018888    
7.342         -0.0188901   
7.343         -0.0188923   
7.344         -0.0188944   
7.345         -0.0188964   
7.346         -0.0188987   
7.347         -0.0189008   
7.348         -0.0189029   
7.349         -0.0189051   
7.35          -0.0189073   
7.351         -0.0189094   
7.352         -0.0189115   
7.353         -0.0189136   
7.354         -0.0189158   
7.355         -0.0189179   
7.356         -0.0189201   
7.357         -0.0189222   
7.358         -0.0189243   
7.359         -0.0189265   
7.36          -0.0189286   
7.361         -0.0189308   
7.362         -0.0189329   
7.363         -0.018935    
7.364         -0.018937    
7.365         -0.0189392   
7.366         -0.0189414   
7.367         -0.0189435   
7.368         -0.0189456   
7.369         -0.0189477   
7.37          -0.0189499   
7.371         -0.018952    
7.372         -0.0189541   
7.373         -0.0189563   
7.374         -0.0189584   
7.375         -0.0189606   
7.376         -0.0189627   
7.377         -0.0189649   
7.378         -0.018967    
7.379         -0.0189691   
7.38          -0.0189712   
7.381         -0.0189734   
7.382         -0.0189755   
7.383         -0.0189777   
7.384         -0.0189798   
7.385         -0.0189821   
7.386         -0.018984    
7.387         -0.0189861   
7.388         -0.0189882   
7.389         -0.0189904   
7.39          -0.0189925   
7.391         -0.0189947   
7.392         -0.0189968   
7.393         -0.018999    
7.394         -0.0190011   
7.395         -0.0190032   
7.396         -0.0190054   
7.397         -0.0190075   
7.398         -0.0190096   
7.399         -0.0190118   
7.4           -0.0190139   
7.401         -0.019016    
7.402         -0.0190182   
7.403         -0.0190203   
7.404         -0.0190224   
7.405         -0.0190245   
7.406         -0.0190267   
7.407         -0.0190288   
7.408         -0.0190309   
7.409         -0.0190331   
7.41          -0.0190352   
7.411         -0.0190374   
7.412         -0.0190395   
7.413         -0.0190416   
7.414         -0.0190438   
7.415         -0.0190459   
7.416         -0.019048    
7.417         -0.0190502   
7.418         -0.0190523   
7.419         -0.0190544   
7.42          -0.0190566   
7.421         -0.0190587   
7.422         -0.0190608   
7.423         -0.019063    
7.424         -0.0190651   
7.425         -0.0190672   
7.426         -0.0190694   
7.427         -0.0190715   
7.428         -0.0190735   
7.429         -0.0190757   
7.43          -0.0190778   
7.431         -0.0190799   
7.432         -0.0190821   
7.433         -0.0190842   
7.434         -0.0190863   
7.435         -0.0190885   
7.436         -0.0190906   
7.437         -0.0190927   
7.438         -0.0190949   
7.439         -0.019097    
7.44          -0.0190992   
7.441         -0.0191013   
7.442         -0.0191035   
7.443         -0.0191056   
7.444         -0.0191077   
7.445         -0.0191099   
7.446         -0.0191119   
7.447         -0.019114    
7.448         -0.0191162   
7.449         -0.0191183   
7.45          -0.0191204   
7.451         -0.0191225   
7.452         -0.0191247   
7.453         -0.0191268   
7.454         -0.0191289   
7.455         -0.0191311   
7.456         -0.0191332   
7.457         -0.0191353   
7.458         -0.0191374   
7.459         -0.0191396   
7.46          -0.0191417   
7.461         -0.0191438   
7.462         -0.019146    
7.463         -0.0191481   
7.464         -0.0191502   
7.465         -0.0191523   
7.466         -0.0191545   
7.467         -0.0191566   
7.468         -0.0191588   
7.469         -0.0191609   
7.47          -0.0191631   
7.471         -0.0191651   
7.472         -0.0191672   
7.473         -0.0191694   
7.474         -0.0191714   
7.475         -0.0191736   
7.476         -0.0191757   
7.477         -0.0191778   
7.478         -0.0191799   
7.479         -0.0191821   
7.48          -0.0191843   
7.481         -0.0191864   
7.482         -0.0191885   
7.483         -0.0191907   
7.484         -0.0191928   
7.485         -0.0191949   
7.486         -0.0191969   
7.487         -0.0191992   
7.488         -0.0192013   
7.489         -0.0192034   
7.49          -0.0192056   
7.491         -0.0192077   
7.492         -0.0192099   
7.493         -0.019212    
7.494         -0.0192141   
7.495         -0.0192162   
7.496         -0.0192183   
7.497         -0.0192204   
7.498         -0.0192226   
7.499         -0.0192247   
7.5           -0.0192267   
7.501         -0.0192288   
7.502         -0.019231    
7.503         -0.0192331   
7.504         -0.0192353   
7.505         -0.0192374   
7.506         -0.0192396   
7.507         -0.0192417   
7.508         -0.0192438   
7.509         -0.019246    
7.51          -0.0192482   
7.511         -0.0192502   
7.512         -0.0192522   
7.513         -0.0192544   
7.514         -0.0192564   
7.515         -0.0192586   
7.516         -0.0192608   
7.517         -0.0192629   
7.518         -0.0192653   
7.519         -0.0192671   
7.52          -0.0192692   
7.521         -0.0192714   
7.522         -0.0192734   
7.523         -0.0192756   
7.524         -0.0192777   
7.525         -0.0192799   
7.526         -0.019282    
7.527         -0.0192841   
7.528         -0.0192863   
7.529         -0.0192884   
7.53          -0.0192905   
7.531         -0.0192926   
7.532         -0.0192948   
7.533         -0.0192969   
7.534         -0.019299    
7.535         -0.0193011   
7.536         -0.0193033   
7.537         -0.0193054   
7.538         -0.0193075   
7.539         -0.0193096   
7.54          -0.0193117   
7.541         -0.0193138   
7.542         -0.019316    
7.543         -0.0193181   
7.544         -0.0193202   
7.545         -0.0193223   
7.546         -0.0193245   
7.547         -0.0193266   
7.548         -0.0193287   
7.549         -0.0193308   
7.55          -0.019333    
7.551         -0.0193351   
7.552         -0.0193372   
7.553         -0.0193394   
7.554         -0.0193415   
7.555         -0.0193436   
7.556         -0.0193457   
7.557         -0.0193478   
7.558         -0.0193499   
7.559         -0.019352    
7.56          -0.0193542   
7.561         -0.0193563   
7.562         -0.0193585   
7.563         -0.0193606   
7.564         -0.0193627   
7.565         -0.0193648   
7.566         -0.019367    
7.567         -0.0193691   
7.568         -0.0193712   
7.569         -0.0193733   
7.57          -0.0193753   
7.571         -0.0193774   
7.572         -0.0193795   
7.573         -0.0193817   
7.574         -0.0193839   
7.575         -0.019386    
7.576         -0.0193881   
7.577         -0.0193902   
7.578         -0.0193924   
7.579         -0.0193945   
7.58          -0.0193966   
7.581         -0.0193987   
7.582         -0.0194009   
7.583         -0.019403    
7.584         -0.0194051   
7.585         -0.0194072   
7.586         -0.0194093   
7.587         -0.0194115   
7.588         -0.0194136   
7.589         -0.0194157   
7.59          -0.0194178   
7.591         -0.01942     
7.592         -0.0194222   
7.593         -0.0194241   
7.594         -0.0194262   
7.595         -0.0194283   
7.596         -0.0194305   
7.597         -0.0194326   
7.598         -0.0194347   
7.599         -0.0194369   
7.6           -0.019439    
7.601         -0.0194411   
7.602         -0.0194432   
7.603         -0.0194453   
7.604         -0.0194475   
7.605         -0.0194496   
7.606         -0.0194517   
7.607         -0.0194538   
7.608         -0.019456    
7.609         -0.0194581   
7.61          -0.0194602   
7.611         -0.0194623   
7.612         -0.0194643   
7.613         -0.0194665   
7.614         -0.0194686   
7.615         -0.0194708   
7.616         -0.0194729   
7.617         -0.019475    
7.618         -0.0194771   
7.619         -0.0194792   
7.62          -0.0194814   
7.621         -0.0194837   
7.622         -0.0194855   
7.623         -0.0194877   
7.624         -0.0194898   
7.625         -0.0194919   
7.626         -0.019494    
7.627         -0.0194961   
7.628         -0.0194983   
7.629         -0.0195004   
7.63          -0.0195025   
7.631         -0.0195046   
7.632         -0.0195067   
7.633         -0.0195089   
7.634         -0.019511    
7.635         -0.0195131   
7.636         -0.0195152   
7.637         -0.0195173   
7.638         -0.0195195   
7.639         -0.0195216   
7.64          -0.0195237   
7.641         -0.0195258   
7.642         -0.0195279   
7.643         -0.01953     
7.644         -0.0195321   
7.645         -0.0195342   
7.646         -0.0195365   
7.647         -0.0195384   
7.648         -0.0195405   
7.649         -0.0195426   
7.65          -0.0195448   
7.651         -0.0195469   
7.652         -0.019549    
7.653         -0.0195511   
7.654         -0.0195533   
7.655         -0.0195554   
7.656         -0.0195575   
7.657         -0.0195597   
7.658         -0.0195618   
7.659         -0.0195639   
7.66          -0.019566    
7.661         -0.0195681   
7.662         -0.0195702   
7.663         -0.0195723   
7.664         -0.0195745   
7.665         -0.0195766   
7.666         -0.0195787   
7.667         -0.0195808   
7.668         -0.0195829   
7.669         -0.019585    
7.67          -0.0195872   
7.671         -0.0195893   
7.672         -0.0195914   
7.673         -0.0195935   
7.674         -0.0195958   
7.675         -0.0195977   
7.676         -0.0195998   
7.677         -0.019602    
7.678         -0.0196041   
7.679         -0.0196063   
7.68          -0.0196084   
7.681         -0.0196105   
7.682         -0.0196127   
7.683         -0.0196146   
7.684         -0.0196167   
7.685         -0.0196188   
7.686         -0.0196209   
7.687         -0.019623    
7.688         -0.0196251   
7.689         -0.0196272   
7.69          -0.0196294   
7.691         -0.0196316   
7.692         -0.0196336   
7.693         -0.0196358   
7.694         -0.0196379   
7.695         -0.01964     
7.696         -0.0196421   
7.697         -0.0196441   
7.698         -0.0196462   
7.699         -0.0196483   
7.7           -0.0196504   
7.701         -0.0196525   
7.702         -0.0196546   
7.703         -0.0196568   
7.704         -0.0196589   
7.705         -0.0196611   
7.706         -0.0196632   
7.707         -0.0196653   
7.708         -0.0196674   
7.709         -0.0196695   
7.71          -0.0196716   
7.711         -0.0196737   
7.712         -0.0196759   
7.713         -0.019678    
7.714         -0.0196802   
7.715         -0.0196823   
7.716         -0.0196844   
7.717         -0.0196865   
7.718         -0.0196886   
7.719         -0.0196906   
7.72          -0.0196927   
7.721         -0.0196947   
7.722         -0.0196969   
7.723         -0.019699    
7.724         -0.0197011   
7.725         -0.0197032   
7.726         -0.0197052   
7.727         -0.0197076   
7.728         -0.0197095   
7.729         -0.0197116   
7.73          -0.0197138   
7.731         -0.0197159   
7.732         -0.019718    
7.733         -0.0197202   
7.734         -0.0197223   
7.735         -0.0197244   
7.736         -0.0197265   
7.737         -0.0197286   
7.738         -0.0197307   
7.739         -0.0197328   
7.74          -0.0197349   
7.741         -0.019737    
7.742         -0.0197392   
7.743         -0.0197413   
7.744         -0.0197433   
7.745         -0.0197455   
7.746         -0.0197477   
7.747         -0.0197498   
7.748         -0.0197519   
7.749         -0.019754    
7.75          -0.0197561   
7.751         -0.019758    
7.752         -0.0197602   
7.753         -0.0197623   
7.754         -0.0197644   
7.755         -0.0197665   
7.756         -0.0197686   
7.757         -0.0197708   
7.758         -0.0197729   
7.759         -0.019775    
7.76          -0.0197771   
7.761         -0.0197792   
7.762         -0.0197813   
7.763         -0.0197834   
7.764         -0.0197855   
7.765         -0.0197876   
7.766         -0.0197897   
7.767         -0.0197918   
7.768         -0.019794    
7.769         -0.0197961   
7.77          -0.0197982   
7.771         -0.0198003   
7.772         -0.0198024   
7.773         -0.0198045   
7.774         -0.0198066   
7.775         -0.0198087   
7.776         -0.0198109   
7.777         -0.019813    
7.778         -0.0198151   
7.779         -0.0198172   
7.78          -0.0198193   
7.781         -0.0198214   
7.782         -0.0198234   
7.783         -0.0198256   
7.784         -0.0198277   
7.785         -0.0198298   
7.786         -0.019832    
7.787         -0.0198341   
7.788         -0.0198362   
7.789         -0.0198383   
7.79          -0.0198404   
7.791         -0.0198425   
7.792         -0.0198446   
7.793         -0.0198467   
7.794         -0.0198487   
7.795         -0.0198508   
7.796         -0.0198529   
7.797         -0.019855    
7.798         -0.0198571   
7.799         -0.0198593   
7.8           -0.0198613   
7.801         -0.0198635   
7.802         -0.0198656   
7.803         -0.0198677   
7.804         -0.0198698   
7.805         -0.0198719   
7.806         -0.019874    
7.807         -0.0198761   
7.808         -0.0198782   
7.809         -0.0198803   
7.81          -0.0198824   
7.811         -0.0198845   
7.812         -0.0198866   
7.813         -0.0198887   
7.814         -0.0198908   
7.815         -0.0198929   
7.816         -0.0198951   
7.817         -0.0198972   
7.818         -0.0198993   
7.819         -0.0199014   
7.82          -0.0199035   
7.821         -0.0199057   
7.822         -0.0199077   
7.823         -0.0199099   
7.824         -0.0199118   
7.825         -0.019914    
7.826         -0.0199161   
7.827         -0.0199182   
7.828         -0.0199204   
7.829         -0.0199225   
7.83          -0.0199246   
7.831         -0.0199267   
7.832         -0.0199288   
7.833         -0.0199309   
7.834         -0.019933    
7.835         -0.0199351   
7.836         -0.0199372   
7.837         -0.0199394   
7.838         -0.0199414   
7.839         -0.0199435   
7.84          -0.0199455   
7.841         -0.0199477   
7.842         -0.0199498   
7.843         -0.0199519   
7.844         -0.019954    
7.845         -0.0199561   
7.846         -0.0199582   
7.847         -0.0199603   
7.848         -0.0199624   
7.849         -0.0199645   
7.85          -0.0199666   
7.851         -0.0199687   
7.852         -0.0199708   
7.853         -0.0199729   
7.854         -0.019975    
7.855         -0.0199771   
7.856         -0.0199792   
7.857         -0.0199813   
7.858         -0.0199834   
7.859         -0.0199855   
7.86          -0.0199876   
7.861         -0.0199898   
7.862         -0.0199918   
7.863         -0.019994    
7.864         -0.0199961   
7.865         -0.0199982   
7.866         -0.0200003   
7.867         -0.0200024   
7.868         -0.0200045   
7.869         -0.0200066   
7.87          -0.0200087   
7.871         -0.0200107   
7.872         -0.0200128   
7.873         -0.020015    
7.874         -0.0200171   
7.875         -0.0200192   
7.876         -0.0200213   
7.877         -0.0200234   
7.878         -0.0200255   
7.879         -0.0200276   
7.88          -0.0200297   
7.881         -0.0200318   
7.882         -0.0200339   
7.883         -0.020036    
7.884         -0.0200381   
7.885         -0.0200402   
7.886         -0.0200423   
7.887         -0.0200444   
7.888         -0.0200465   
7.889         -0.0200486   
7.89          -0.0200507   
7.891         -0.0200528   
7.892         -0.0200549   
7.893         -0.0200571   
7.894         -0.0200591   
7.895         -0.0200612   
7.896         -0.0200633   
7.897         -0.0200654   
7.898         -0.0200675   
7.899         -0.0200696   
7.9           -0.0200716   
7.901         -0.0200737   
7.902         -0.0200758   
7.903         -0.0200779   
7.904         -0.0200801   
7.905         -0.0200822   
7.906         -0.0200842   
7.907         -0.0200863   
7.908         -0.0200884   
7.909         -0.0200906   
7.91          -0.0200926   
7.911         -0.0200948   
7.912         -0.0200969   
7.913         -0.020099    
7.914         -0.0201011   
7.915         -0.0201032   
7.916         -0.0201053   
7.917         -0.0201075   
7.918         -0.0201095   
7.919         -0.0201116   
7.92          -0.0201137   
7.921         -0.0201158   
7.922         -0.0201179   
7.923         -0.02012     
7.924         -0.0201221   
7.925         -0.0201242   
7.926         -0.0201263   
7.927         -0.0201284   
7.928         -0.0201305   
7.929         -0.0201326   
7.93          -0.0201347   
7.931         -0.0201368   
7.932         -0.0201389   
7.933         -0.020141    
7.934         -0.020143    
7.935         -0.0201452   
7.936         -0.0201472   
7.937         -0.0201494   
7.938         -0.0201514   
7.939         -0.0201536   
7.94          -0.0201556   
7.941         -0.0201577   
7.942         -0.0201598   
7.943         -0.0201619   
7.944         -0.020164    
7.945         -0.0201661   
7.946         -0.0201682   
7.947         -0.0201703   
7.948         -0.0201724   
7.949         -0.0201746   
7.95          -0.0201767   
7.951         -0.0201788   
7.952         -0.020181    
7.953         -0.0201829   
7.954         -0.020185    
7.955         -0.0201871   
7.956         -0.0201892   
7.957         -0.0201912   
7.958         -0.0201934   
7.959         -0.0201954   
7.96          -0.0201975   
7.961         -0.0201996   
7.962         -0.0202017   
7.963         -0.0202038   
7.964         -0.0202059   
7.965         -0.020208    
7.966         -0.0202101   
7.967         -0.0202122   
7.968         -0.0202144   
7.969         -0.0202165   
7.97          -0.0202187   
7.971         -0.0202206   
7.972         -0.0202227   
7.973         -0.0202247   
7.974         -0.0202269   
7.975         -0.020229    
7.976         -0.0202311   
7.977         -0.0202332   
7.978         -0.0202353   
7.979         -0.0202374   
7.98          -0.0202395   
7.981         -0.0202416   
7.982         -0.0202437   
7.983         -0.0202458   
7.984         -0.0202479   
7.985         -0.02025     
7.986         -0.0202521   
7.987         -0.0202541   
7.988         -0.0202562   
7.989         -0.0202583   
7.99          -0.0202604   
7.991         -0.0202625   
7.992         -0.0202646   
7.993         -0.0202667   
7.994         -0.0202688   
7.995         -0.0202709   
7.996         -0.020273    
7.997         -0.0202751   
7.998         -0.0202772   
7.999         -0.0202793   
8             -0.0202814   
8.001         -0.0202835   
8.002         -0.0202856   
8.003         -0.0202877   
8.004         -0.0202898   
8.005         -0.0202919   
8.006         -0.020294    
8.007         -0.0202961   
8.008         -0.0202981   
8.009         -0.0203002   
8.01          -0.0203023   
8.011         -0.0203044   
8.012         -0.0203065   
8.013         -0.0203086   
8.014         -0.0203107   
8.015         -0.0203128   
8.016         -0.0203149   
8.017         -0.020317    
8.018         -0.0203191   
8.019         -0.0203213   
8.02          -0.0203233   
8.021         -0.0203254   
8.022         -0.0203275   
8.023         -0.0203296   
8.024         -0.0203317   
8.025         -0.0203339   
8.026         -0.0203358   
8.027         -0.0203378   
8.028         -0.02034     
8.029         -0.0203421   
8.03          -0.0203442   
8.031         -0.0203462   
8.032         -0.0203483   
8.033         -0.0203504   
8.034         -0.0203526   
8.035         -0.0203546   
8.036         -0.0203567   
8.037         -0.0203589   
8.038         -0.020361    
8.039         -0.0203632   
8.04          -0.020365    
8.041         -0.0203672   
8.042         -0.0203693   
8.043         -0.0203714   
8.044         -0.0203735   
8.045         -0.0203756   
8.046         -0.0203776   
8.047         -0.0203797   
8.048         -0.0203818   
8.049         -0.0203839   
8.05          -0.020386    
8.051         -0.0203881   
8.052         -0.0203902   
8.053         -0.0203922   
8.054         -0.0203943   
8.055         -0.0203964   
8.056         -0.0203985   
8.057         -0.0204006   
8.058         -0.0204027   
8.059         -0.0204048   
8.06          -0.0204069   
8.061         -0.020409    
8.062         -0.0204111   
8.063         -0.0204132   
8.064         -0.0204153   
8.065         -0.0204174   
8.066         -0.0204195   
8.067         -0.0204216   
8.068         -0.0204237   
8.069         -0.0204258   
8.07          -0.0204278   
8.071         -0.0204299   
8.072         -0.020432    
8.073         -0.0204341   
8.074         -0.0204362   
8.075         -0.0204383   
8.076         -0.0204404   
8.077         -0.0204425   
8.078         -0.0204446   
8.079         -0.0204467   
8.08          -0.0204487   
8.081         -0.0204509   
8.082         -0.0204531   
8.083         -0.020455    
8.084         -0.0204571   
8.085         -0.0204592   
8.086         -0.0204613   
8.087         -0.0204634   
8.088         -0.0204655   
8.089         -0.0204676   
8.09          -0.0204697   
8.091         -0.0204718   
8.092         -0.0204738   
8.093         -0.0204759   
8.094         -0.020478    
8.095         -0.0204801   
8.096         -0.0204821   
8.097         -0.0204842   
8.098         -0.0204864   
8.099         -0.0204885   
8.1           -0.0204905   
8.101         -0.0204926   
8.102         -0.0204947   
8.103         -0.0204968   
8.104         -0.0204989   
8.105         -0.020501    
8.106         -0.0205031   
8.107         -0.0205051   
8.108         -0.0205072   
8.109         -0.0205093   
8.11          -0.0205114   
8.111         -0.0205135   
8.112         -0.0205156   
8.113         -0.0205176   
8.114         -0.0205197   
8.115         -0.0205218   
8.116         -0.0205239   
8.117         -0.020526    
8.118         -0.0205281   
8.119         -0.0205301   
8.12          -0.0205323   
8.121         -0.0205344   
8.122         -0.0205365   
8.123         -0.0205385   
8.124         -0.0205406   
8.125         -0.0205427   
8.126         -0.0205448   
8.127         -0.0205469   
8.128         -0.020549    
8.129         -0.0205511   
8.13          -0.0205532   
8.131         -0.0205553   
8.132         -0.0205574   
8.133         -0.0205594   
8.134         -0.0205615   
8.135         -0.0205636   
8.136         -0.0205657   
8.137         -0.0205678   
8.138         -0.0205699   
8.139         -0.0205721   
8.14          -0.0205743   
8.141         -0.0205761   
8.142         -0.0205782   
8.143         -0.0205803   
8.144         -0.0205823   
8.145         -0.0205844   
8.146         -0.0205865   
8.147         -0.0205886   
8.148         -0.0205907   
8.149         -0.0205928   
8.15          -0.0205949   
8.151         -0.0205969   
8.152         -0.020599    
8.153         -0.0206011   
8.154         -0.0206032   
8.155         -0.0206053   
8.156         -0.0206074   
8.157         -0.0206095   
8.158         -0.0206116   
8.159         -0.0206136   
8.16          -0.0206157   
8.161         -0.0206178   
8.162         -0.0206199   
8.163         -0.020622    
8.164         -0.0206241   
8.165         -0.0206262   
8.166         -0.0206283   
8.167         -0.0206304   
8.168         -0.0206324   
8.169         -0.0206345   
8.17          -0.0206366   
8.171         -0.0206386   
8.172         -0.0206407   
8.173         -0.0206428   
8.174         -0.0206449   
8.175         -0.0206469   
8.176         -0.0206489   
8.177         -0.0206511   
8.178         -0.0206531   
8.179         -0.0206553   
8.18          -0.0206574   
8.181         -0.0206595   
8.182         -0.0206616   
8.183         -0.0206637   
8.184         -0.0206658   
8.185         -0.0206679   
8.186         -0.0206699   
8.187         -0.020672    
8.188         -0.0206741   
8.189         -0.0206762   
8.19          -0.0206783   
8.191         -0.0206804   
8.192         -0.0206824   
8.193         -0.0206845   
8.194         -0.0206866   
8.195         -0.0206887   
8.196         -0.0206908   
8.197         -0.0206929   
8.198         -0.020695    
8.199         -0.020697    
8.2           -0.0206991   
8.201         -0.0207012   
8.202         -0.0207032   
8.203         -0.0207052   
8.204         -0.0207074   
8.205         -0.0207095   
8.206         -0.0207116   
8.207         -0.0207136   
8.208         -0.0207157   
8.209         -0.0207178   
8.21          -0.0207198   
8.211         -0.020722    
8.212         -0.0207241   
8.213         -0.0207262   
8.214         -0.0207283   
8.215         -0.0207304   
8.216         -0.0207325   
8.217         -0.0207345   
8.218         -0.0207366   
8.219         -0.0207387   
8.22          -0.0207407   
8.221         -0.0207429   
8.222         -0.0207449   
8.223         -0.020747    
8.224         -0.0207491   
8.225         -0.0207512   
8.226         -0.0207533   
8.227         -0.0207553   
8.228         -0.0207574   
8.229         -0.0207595   
8.23          -0.0207616   
8.231         -0.0207637   
8.232         -0.0207658   
8.233         -0.0207678   
8.234         -0.0207699   
8.235         -0.0207719   
8.236         -0.0207741   
8.237         -0.0207762   
8.238         -0.0207783   
8.239         -0.0207803   
8.24          -0.0207824   
8.241         -0.0207845   
8.242         -0.0207866   
8.243         -0.0207886   
8.244         -0.0207907   
8.245         -0.0207928   
8.246         -0.0207949   
8.247         -0.020797    
8.248         -0.020799    
8.249         -0.0208011   
8.25          -0.0208032   
8.251         -0.0208053   
8.252         -0.0208074   
8.253         -0.0208095   
8.254         -0.0208116   
8.255         -0.0208136   
8.256         -0.0208157   
8.257         -0.0208177   
8.258         -0.0208199   
8.259         -0.0208219   
8.26          -0.020824    
8.261         -0.0208261   
8.262         -0.0208282   
8.263         -0.0208303   
8.264         -0.0208323   
8.265         -0.0208344   
8.266         -0.0208365   
8.267         -0.0208386   
8.268         -0.0208407   
8.269         -0.0208427   
8.27          -0.0208448   
8.271         -0.0208469   
8.272         -0.020849    
8.273         -0.0208511   
8.274         -0.0208531   
8.275         -0.0208552   
8.276         -0.0208573   
8.277         -0.0208594   
8.278         -0.0208614   
8.279         -0.0208635   
8.28          -0.0208656   
8.281         -0.0208677   
8.282         -0.0208698   
8.283         -0.0208718   
8.284         -0.0208739   
8.285         -0.0208759   
8.286         -0.0208781   
8.287         -0.0208802   
8.288         -0.0208822   
8.289         -0.0208843   
8.29          -0.0208864   
8.291         -0.0208885   
8.292         -0.0208906   
8.293         -0.0208926   
8.294         -0.0208947   
8.295         -0.0208968   
8.296         -0.0208988   
8.297         -0.0209008   
8.298         -0.020903    
8.299         -0.0209051   
8.3           -0.0209072   
8.301         -0.0209093   
8.302         -0.0209114   
8.303         -0.0209134   
8.304         -0.0209155   
8.305         -0.0209176   
8.306         -0.0209197   
8.307         -0.0209217   
8.308         -0.0209238   
8.309         -0.0209259   
8.31          -0.020928    
8.311         -0.0209302   
8.312         -0.0209321   
8.313         -0.0209342   
8.314         -0.0209363   
8.315         -0.0209384   
8.316         -0.0209405   
8.317         -0.0209426   
8.318         -0.0209446   
8.319         -0.0209467   
8.32          -0.0209488   
8.321         -0.0209508   
8.322         -0.0209529   
8.323         -0.020955    
8.324         -0.020957    
8.325         -0.0209591   
8.326         -0.0209613   
8.327         -0.0209633   
8.328         -0.0209653   
8.329         -0.0209675   
8.33          -0.0209696   
8.331         -0.0209716   
8.332         -0.0209737   
8.333         -0.0209758   
8.334         -0.0209779   
8.335         -0.0209799   
8.336         -0.020982    
8.337         -0.020984    
8.338         -0.0209861   
8.339         -0.0209882   
8.34          -0.0209902   
8.341         -0.0209923   
8.342         -0.0209944   
8.343         -0.0209964   
8.344         -0.0209985   
8.345         -0.0210006   
8.346         -0.0210027   
8.347         -0.0210048   
8.348         -0.0210069   
8.349         -0.021009    
8.35          -0.0210111   
8.351         -0.0210131   
8.352         -0.0210152   
8.353         -0.0210172   
8.354         -0.0210193   
8.355         -0.0210213   
8.356         -0.0210234   
8.357         -0.0210255   
8.358         -0.0210276   
8.359         -0.0210297   
8.36          -0.0210318   
8.361         -0.0210338   
8.362         -0.021036    
8.363         -0.021038    
8.364         -0.02104     
8.365         -0.0210421   
8.366         -0.0210442   
8.367         -0.0210463   
8.368         -0.0210483   
8.369         -0.0210504   
8.37          -0.0210525   
8.371         -0.0210546   
8.372         -0.0210567   
8.373         -0.0210587   
8.374         -0.0210608   
8.375         -0.0210629   
8.376         -0.021065    
8.377         -0.0210671   
8.378         -0.0210691   
8.379         -0.0210712   
8.38          -0.0210732   
8.381         -0.0210753   
8.382         -0.0210773   
8.383         -0.0210794   
8.384         -0.0210815   
8.385         -0.0210836   
8.386         -0.0210856   
8.387         -0.0210877   
8.388         -0.0210898   
8.389         -0.0210919   
8.39          -0.0210939   
8.391         -0.0210961   
8.392         -0.0210981   
8.393         -0.0211002   
8.394         -0.0211023   
8.395         -0.0211044   
8.396         -0.0211064   
8.397         -0.0211085   
8.398         -0.0211106   
8.399         -0.0211126   
8.4           -0.0211147   
8.401         -0.0211168   
8.402         -0.0211188   
8.403         -0.0211209   
8.404         -0.021123    
8.405         -0.0211251   
8.406         -0.0211271   
8.407         -0.0211292   
8.408         -0.0211313   
8.409         -0.0211334   
8.41          -0.0211355   
8.411         -0.0211376   
8.412         -0.0211397   
8.413         -0.0211418   
8.414         -0.0211438   
8.415         -0.0211459   
8.416         -0.0211478   
8.417         -0.0211499   
8.418         -0.0211519   
8.419         -0.021154    
8.42          -0.0211561   
8.421         -0.0211582   
8.422         -0.0211603   
8.423         -0.0211623   
8.424         -0.0211644   
8.425         -0.0211665   
8.426         -0.0211686   
8.427         -0.0211706   
8.428         -0.0211727   
8.429         -0.0211747   
8.43          -0.0211768   
8.431         -0.0211789   
8.432         -0.021181    
8.433         -0.0211831   
8.434         -0.0211852   
8.435         -0.0211872   
8.436         -0.0211893   
8.437         -0.0211914   
8.438         -0.0211935   
8.439         -0.0211955   
8.44          -0.0211976   
8.441         -0.0211997   
8.442         -0.0212017   
8.443         -0.0212038   
8.444         -0.0212059   
8.445         -0.0212079   
8.446         -0.02121     
8.447         -0.0212121   
8.448         -0.0212142   
8.449         -0.0212162   
8.45          -0.0212183   
8.451         -0.0212204   
8.452         -0.0212225   
8.453         -0.0212246   
8.454         -0.0212268   
8.455         -0.0212287   
8.456         -0.0212308   
8.457         -0.0212328   
8.458         -0.0212349   
8.459         -0.0212369   
8.46          -0.021239    
8.461         -0.021241    
8.462         -0.0212431   
8.463         -0.0212451   
8.464         -0.0212472   
8.465         -0.0212493   
8.466         -0.0212514   
8.467         -0.0212534   
8.468         -0.0212555   
8.469         -0.0212576   
8.47          -0.0212597   
8.471         -0.0212618   
8.472         -0.0212639   
8.473         -0.021266    
8.474         -0.0212679   
8.475         -0.02127     
8.476         -0.0212721   
8.477         -0.0212741   
8.478         -0.0212762   
8.479         -0.0212783   
8.48          -0.0212804   
8.481         -0.0212824   
8.482         -0.0212845   
8.483         -0.0212866   
8.484         -0.0212886   
8.485         -0.0212907   
8.486         -0.0212927   
8.487         -0.0212948   
8.488         -0.0212969   
8.489         -0.021299    
8.49          -0.0213011   
8.491         -0.0213031   
8.492         -0.0213052   
8.493         -0.0213073   
8.494         -0.0213094   
8.495         -0.0213114   
8.496         -0.0213135   
8.497         -0.0213155   
8.498         -0.0213176   
8.499         -0.0213197   
8.5           -0.0213216   
8.501         -0.0213238   
8.502         -0.0213259   
8.503         -0.021328    
8.504         -0.0213301   
8.505         -0.0213321   
8.506         -0.0213343   
8.507         -0.0213363   
8.508         -0.0213384   
8.509         -0.0213404   
8.51          -0.0213425   
8.511         -0.0213445   
8.512         -0.0213465   
8.513         -0.0213486   
8.514         -0.0213507   
8.515         -0.0213527   
8.516         -0.0213548   
8.517         -0.0213569   
8.518         -0.0213589   
8.519         -0.021361    
8.52          -0.0213631   
8.521         -0.0213651   
8.522         -0.0213672   
8.523         -0.0213693   
8.524         -0.0213714   
8.525         -0.0213734   
8.526         -0.0213755   
8.527         -0.0213776   
8.528         -0.0213796   
8.529         -0.0213817   
8.53          -0.0213838   
8.531         -0.0213859   
8.532         -0.0213879   
8.533         -0.02139     
8.534         -0.0213922   
8.535         -0.0213941   
8.536         -0.0213961   
8.537         -0.0213982   
8.538         -0.0214003   
8.539         -0.0214024   
8.54          -0.0214044   
8.541         -0.0214065   
8.542         -0.0214086   
8.543         -0.0214107   
8.544         -0.0214128   
8.545         -0.0214147   
8.546         -0.0214167   
8.547         -0.0214188   
8.548         -0.0214209   
8.549         -0.021423    
8.55          -0.0214251   
8.551         -0.0214271   
8.552         -0.0214292   
8.553         -0.0214313   
8.554         -0.0214334   
8.555         -0.0214354   
8.556         -0.0214375   
8.557         -0.0214395   
8.558         -0.0214416   
8.559         -0.0214437   
8.56          -0.0214457   
8.561         -0.0214478   
8.562         -0.0214498   
8.563         -0.021452    
8.564         -0.021454    
8.565         -0.0214561   
8.566         -0.0214582   
8.567         -0.0214602   
8.568         -0.0214622   
8.569         -0.0214643   
8.57          -0.0214664   
8.571         -0.0214684   
8.572         -0.0214705   
8.573         -0.0214725   
8.574         -0.0214746   
8.575         -0.0214766   
8.576         -0.0214787   
8.577         -0.0214808   
8.578         -0.0214829   
8.579         -0.021485    
8.58          -0.021487    
8.581         -0.0214891   
8.582         -0.0214912   
8.583         -0.0214932   
8.584         -0.0214953   
8.585         -0.0214974   
8.586         -0.0214994   
8.587         -0.0215015   
8.588         -0.0215035   
8.589         -0.0215056   
8.59          -0.0215077   
8.591         -0.0215097   
8.592         -0.0215118   
8.593         -0.0215139   
8.594         -0.0215159   
8.595         -0.021518    
8.596         -0.0215202   
8.597         -0.0215221   
8.598         -0.0215242   
8.599         -0.0215262   
8.6           -0.0215283   
8.601         -0.0215304   
8.602         -0.0215324   
8.603         -0.0215345   
8.604         -0.0215366   
8.605         -0.0215386   
8.606         -0.0215407   
8.607         -0.0215428   
8.608         -0.0215448   
8.609         -0.0215468   
8.61          -0.0215489   
8.611         -0.021551    
8.612         -0.021553    
8.613         -0.0215551   
8.614         -0.0215572   
8.615         -0.0215592   
8.616         -0.0215613   
8.617         -0.0215633   
8.618         -0.0215654   
8.619         -0.0215674   
8.62          -0.0215695   
8.621         -0.0215716   
8.622         -0.0215737   
8.623         -0.0215758   
8.624         -0.0215779   
8.625         -0.02158     
8.626         -0.021582    
8.627         -0.021584    
8.628         -0.0215861   
8.629         -0.0215881   
8.63          -0.0215901   
8.631         -0.0215922   
8.632         -0.0215942   
8.633         -0.0215963   
8.634         -0.0215984   
8.635         -0.0216004   
8.636         -0.0216025   
8.637         -0.0216046   
8.638         -0.0216066   
8.639         -0.0216087   
8.64          -0.0216108   
8.641         -0.0216128   
8.642         -0.0216149   
8.643         -0.021617    
8.644         -0.021619    
8.645         -0.0216211   
8.646         -0.0216232   
8.647         -0.0216252   
8.648         -0.0216273   
8.649         -0.0216293   
8.65          -0.0216314   
8.651         -0.0216335   
8.652         -0.0216356   
8.653         -0.0216375   
8.654         -0.0216395   
8.655         -0.0216417   
8.656         -0.0216438   
8.657         -0.0216458   
8.658         -0.0216479   
8.659         -0.02165     
8.66          -0.021652    
8.661         -0.0216541   
8.662         -0.0216561   
8.663         -0.0216582   
8.664         -0.0216602   
8.665         -0.0216623   
8.666         -0.0216643   
8.667         -0.0216664   
8.668         -0.0216685   
8.669         -0.0216705   
8.67          -0.0216726   
8.671         -0.0216746   
8.672         -0.0216767   
8.673         -0.0216787   
8.674         -0.0216808   
8.675         -0.0216829   
8.676         -0.0216849   
8.677         -0.021687    
8.678         -0.021689    
8.679         -0.0216911   
8.68          -0.0216932   
8.681         -0.0216953   
8.682         -0.0216973   
8.683         -0.0216995   
8.684         -0.0217014   
8.685         -0.0217035   
8.686         -0.0217055   
8.687         -0.0217076   
8.688         -0.0217097   
8.689         -0.0217117   
8.69          -0.0217138   
8.691         -0.0217159   
8.692         -0.021718    
8.693         -0.02172     
8.694         -0.0217221   
8.695         -0.0217241   
8.696         -0.0217261   
8.697         -0.0217281   
8.698         -0.0217302   
8.699         -0.0217322   
8.7           -0.0217343   
8.701         -0.0217364   
8.702         -0.0217384   
8.703         -0.0217405   
8.704         -0.0217426   
8.705         -0.0217446   
8.706         -0.0217467   
8.707         -0.0217488   
8.708         -0.0217508   
8.709         -0.0217529   
8.71          -0.0217549   
8.711         -0.0217569   
8.712         -0.021759    
8.713         -0.0217611   
8.714         -0.0217631   
8.715         -0.0217652   
8.716         -0.0217673   
8.717         -0.0217693   
8.718         -0.0217714   
8.719         -0.0217735   
8.72          -0.0217755   
8.721         -0.0217776   
8.722         -0.0217797   
8.723         -0.0217817   
8.724         -0.0217837   
8.725         -0.0217858   
8.726         -0.0217878   
8.727         -0.0217899   
8.728         -0.0217919   
8.729         -0.021794    
8.73          -0.0217961   
8.731         -0.0217982   
8.732         -0.0218002   
8.733         -0.0218021   
8.734         -0.0218043   
8.735         -0.0218063   
8.736         -0.0218084   
8.737         -0.0218104   
8.738         -0.0218125   
8.739         -0.0218146   
8.74          -0.0218166   
8.741         -0.0218186   
8.742         -0.0218207   
8.743         -0.0218228   
8.744         -0.0218249   
8.745         -0.0218269   
8.746         -0.021829    
8.747         -0.021831    
8.748         -0.0218331   
8.749         -0.0218351   
8.75          -0.0218372   
8.751         -0.0218393   
8.752         -0.0218413   
8.753         -0.0218433   
8.754         -0.0218454   
8.755         -0.0218475   
8.756         -0.0218496   
8.757         -0.0218516   
8.758         -0.0218537   
8.759         -0.0218558   
8.76          -0.0218578   
8.761         -0.0218598   
8.762         -0.0218619   
8.763         -0.021864    
8.764         -0.021866    
8.765         -0.0218681   
8.766         -0.0218701   
8.767         -0.0218721   
8.768         -0.0218742   
8.769         -0.0218762   
8.77          -0.0218782   
8.771         -0.0218803   
8.772         -0.0218824   
8.773         -0.0218844   
8.774         -0.0218865   
8.775         -0.0218886   
8.776         -0.0218906   
8.777         -0.0218927   
8.778         -0.0218947   
8.779         -0.0218968   
8.78          -0.0218988   
8.781         -0.0219009   
8.782         -0.021903    
8.783         -0.021905    
8.784         -0.0219071   
8.785         -0.0219093   
8.786         -0.0219112   
8.787         -0.0219132   
8.788         -0.0219153   
8.789         -0.0219173   
8.79          -0.0219194   
8.791         -0.0219214   
8.792         -0.0219235   
8.793         -0.0219255   
8.794         -0.0219276   
8.795         -0.0219296   
8.796         -0.0219317   
8.797         -0.0219337   
8.798         -0.0219358   
8.799         -0.0219379   
8.8           -0.0219399   
8.801         -0.021942    
8.802         -0.021944    
8.803         -0.0219461   
8.804         -0.0219481   
8.805         -0.0219502   
8.806         -0.0219522   
8.807         -0.0219543   
8.808         -0.0219563   
8.809         -0.0219583   
8.81          -0.0219604   
8.811         -0.0219625   
8.812         -0.0219646   
8.813         -0.0219666   
8.814         -0.0219687   
8.815         -0.0219707   
8.816         -0.0219728   
8.817         -0.0219748   
8.818         -0.0219769   
8.819         -0.0219789   
8.82          -0.021981    
8.821         -0.021983    
8.822         -0.0219851   
8.823         -0.0219871   
8.824         -0.0219892   
8.825         -0.0219912   
8.826         -0.0219933   
8.827         -0.0219954   
8.828         -0.0219974   
8.829         -0.0219995   
8.83          -0.0220015   
8.831         -0.0220036   
8.832         -0.0220056   
8.833         -0.0220076   
8.834         -0.0220097   
8.835         -0.0220117   
8.836         -0.0220138   
8.837         -0.0220159   
8.838         -0.0220179   
8.839         -0.02202     
8.84          -0.022022    
8.841         -0.0220241   
8.842         -0.0220261   
8.843         -0.0220281   
8.844         -0.0220302   
8.845         -0.0220322   
8.846         -0.0220343   
8.847         -0.0220364   
8.848         -0.0220384   
8.849         -0.0220404   
8.85          -0.0220425   
8.851         -0.0220445   
8.852         -0.0220466   
8.853         -0.0220487   
8.854         -0.0220507   
8.855         -0.0220528   
8.856         -0.0220548   
8.857         -0.0220569   
8.858         -0.0220589   
8.859         -0.022061    
8.86          -0.022063    
8.861         -0.0220651   
8.862         -0.0220671   
8.863         -0.0220692   
8.864         -0.0220712   
8.865         -0.0220733   
8.866         -0.0220753   
8.867         -0.0220774   
8.868         -0.0220794   
8.869         -0.0220815   
8.87          -0.0220835   
8.871         -0.0220856   
8.872         -0.0220876   
8.873         -0.0220897   
8.874         -0.0220917   
8.875         -0.0220937   
8.876         -0.0220958   
8.877         -0.0220978   
8.878         -0.0220999   
8.879         -0.0221019   
8.88          -0.022104    
8.881         -0.0221061   
8.882         -0.0221081   
8.883         -0.0221102   
8.884         -0.0221122   
8.885         -0.0221143   
8.886         -0.0221163   
8.887         -0.0221184   
8.888         -0.0221204   
8.889         -0.0221224   
8.89          -0.0221245   
8.891         -0.0221266   
8.892         -0.0221286   
8.893         -0.0221307   
8.894         -0.0221327   
8.895         -0.0221348   
8.896         -0.0221368   
8.897         -0.0221389   
8.898         -0.0221409   
8.899         -0.022143    
8.9           -0.022145    
8.901         -0.022147    
8.902         -0.0221491   
8.903         -0.0221511   
8.904         -0.0221532   
8.905         -0.0221552   
8.906         -0.0221573   
8.907         -0.0221594   
8.908         -0.0221613   
8.909         -0.0221635   
8.91          -0.0221654   
8.911         -0.0221675   
8.912         -0.0221695   
8.913         -0.0221716   
8.914         -0.0221737   
8.915         -0.0221757   
8.916         -0.0221777   
8.917         -0.0221797   
8.918         -0.0221819   
8.919         -0.0221839   
8.92          -0.0221859   
8.921         -0.022188    
8.922         -0.02219     
8.923         -0.0221921   
8.924         -0.0221941   
8.925         -0.0221961   
8.926         -0.0221982   
8.927         -0.0222002   
8.928         -0.0222023   
8.929         -0.0222043   
8.93          -0.0222064   
8.931         -0.0222084   
8.932         -0.0222105   
8.933         -0.0222125   
8.934         -0.0222146   
8.935         -0.0222166   
8.936         -0.0222187   
8.937         -0.0222207   
8.938         -0.0222227   
8.939         -0.0222248   
8.94          -0.0222269   
8.941         -0.0222289   
8.942         -0.022231    
8.943         -0.022233    
8.944         -0.022235    
8.945         -0.0222371   
8.946         -0.0222391   
8.947         -0.0222412   
8.948         -0.0222432   
8.949         -0.0222453   
8.95          -0.0222473   
8.951         -0.0222493   
8.952         -0.0222514   
8.953         -0.0222534   
8.954         -0.0222555   
8.955         -0.0222575   
8.956         -0.0222596   
8.957         -0.0222616   
8.958         -0.0222637   
8.959         -0.0222657   
8.96          -0.0222678   
8.961         -0.0222698   
8.962         -0.0222719   
8.963         -0.0222739   
8.964         -0.022276    
8.965         -0.022278    
8.966         -0.0222801   
8.967         -0.0222821   
8.968         -0.0222841   
8.969         -0.0222862   
8.97          -0.0222883   
8.971         -0.0222903   
8.972         -0.0222924   
8.973         -0.0222944   
8.974         -0.0222964   
8.975         -0.0222985   
8.976         -0.0223007   
8.977         -0.0223025   
8.978         -0.0223045   
8.979         -0.0223066   
8.98          -0.0223086   
8.981         -0.0223107   
8.982         -0.0223127   
8.983         -0.0223148   
8.984         -0.0223168   
8.985         -0.0223189   
8.986         -0.0223209   
8.987         -0.0223229   
8.988         -0.022325    
8.989         -0.022327    
8.99          -0.0223291   
8.991         -0.0223311   
8.992         -0.0223332   
8.993         -0.0223353   
8.994         -0.0223373   
8.995         -0.0223393   
8.996         -0.0223414   
8.997         -0.0223434   
8.998         -0.0223454   
8.999         -0.0223475   
9             -0.0223495   
9.001         -0.0223516   
9.002         -0.0223536   
9.003         -0.0223556   
9.004         -0.0223577   
9.005         -0.0223597   
9.006         -0.0223618   
9.007         -0.0223638   
9.008         -0.0223659   
9.009         -0.0223679   
9.01          -0.02237     
9.011         -0.022372    
9.012         -0.022374    
9.013         -0.0223761   
9.014         -0.0223781   
9.015         -0.0223801   
9.016         -0.0223822   
9.017         -0.0223843   
9.018         -0.0223863   
9.019         -0.0223884   
9.02          -0.0223904   
9.021         -0.0223924   
9.022         -0.0223945   
9.023         -0.0223965   
9.024         -0.0223986   
9.025         -0.0224006   
9.026         -0.0224026   
9.027         -0.0224047   
9.028         -0.0224067   
9.029         -0.0224088   
9.03          -0.0224109   
9.031         -0.0224128   
9.032         -0.0224148   
9.033         -0.0224169   
9.034         -0.022419    
9.035         -0.022421    
9.036         -0.0224231   
9.037         -0.0224251   
9.038         -0.0224272   
9.039         -0.0224293   
9.04          -0.0224313   
9.041         -0.0224332   
9.042         -0.0224353   
9.043         -0.0224373   
9.044         -0.0224394   
9.045         -0.0224414   
9.046         -0.0224434   
9.047         -0.0224455   
9.048         -0.0224475   
9.049         -0.0224496   
9.05          -0.0224516   
9.051         -0.0224537   
9.052         -0.0224557   
9.053         -0.0224577   
9.054         -0.0224598   
9.055         -0.0224618   
9.056         -0.0224638   
9.057         -0.0224659   
9.058         -0.0224679   
9.059         -0.02247     
9.06          -0.022472    
9.061         -0.022474    
9.062         -0.0224761   
9.063         -0.0224781   
9.064         -0.0224802   
9.065         -0.0224822   
9.066         -0.0224842   
9.067         -0.0224863   
9.068         -0.0224883   
9.069         -0.0224903   
9.07          -0.0224924   
9.071         -0.0224944   
9.072         -0.0224965   
9.073         -0.0224985   
9.074         -0.0225006   
9.075         -0.0225026   
9.076         -0.0225047   
9.077         -0.0225067   
9.078         -0.0225087   
9.079         -0.0225107   
9.08          -0.0225128   
9.081         -0.0225148   
9.082         -0.0225169   
9.083         -0.0225189   
9.084         -0.022521    
9.085         -0.022523    
9.086         -0.022525    
9.087         -0.0225271   
9.088         -0.0225291   
9.089         -0.0225311   
9.09          -0.0225332   
9.091         -0.0225352   
9.092         -0.0225373   
9.093         -0.0225393   
9.094         -0.0225414   
9.095         -0.0225434   
9.096         -0.0225454   
9.097         -0.0225475   
9.098         -0.0225495   
9.099         -0.0225515   
9.1           -0.0225536   
9.101         -0.0225556   
9.102         -0.0225576   
9.103         -0.0225597   
9.104         -0.0225617   
9.105         -0.0225638   
9.106         -0.0225658   
9.107         -0.0225679   
9.108         -0.0225698   
9.109         -0.0225719   
9.11          -0.022574    
9.111         -0.022576    
9.112         -0.0225781   
9.113         -0.0225801   
9.114         -0.0225821   
9.115         -0.0225842   
9.116         -0.0225863   
9.117         -0.0225883   
9.118         -0.0225903   
9.119         -0.0225924   
9.12          -0.0225945   
9.121         -0.0225963   
9.122         -0.0225984   
9.123         -0.0226004   
9.124         -0.0226025   
9.125         -0.0226045   
9.126         -0.0226065   
9.127         -0.0226085   
9.128         -0.0226106   
9.129         -0.0226126   
9.13          -0.0226146   
9.131         -0.0226167   
9.132         -0.0226187   
9.133         -0.0226208   
9.134         -0.0226229   
9.135         -0.0226249   
9.136         -0.0226269   
9.137         -0.0226289   
9.138         -0.0226309   
9.139         -0.022633    
9.14          -0.022635    
9.141         -0.022637    
9.142         -0.022639    
9.143         -0.0226411   
9.144         -0.0226431   
9.145         -0.0226452   
9.146         -0.0226473   
9.147         -0.0226493   
9.148         -0.0226513   
9.149         -0.0226533   
9.15          -0.0226554   
9.151         -0.0226574   
9.152         -0.0226594   
9.153         -0.0226614   
9.154         -0.0226635   
9.155         -0.0226655   
9.156         -0.0226676   
9.157         -0.0226696   
9.158         -0.0226717   
9.159         -0.0226737   
9.16          -0.0226758   
9.161         -0.0226778   
9.162         -0.0226798   
9.163         -0.0226818   
9.164         -0.0226839   
9.165         -0.0226859   
9.166         -0.0226879   
9.167         -0.0226899   
9.168         -0.0226919   
9.169         -0.022694    
9.17          -0.022696    
9.171         -0.0226981   
9.172         -0.0227001   
9.173         -0.0227021   
9.174         -0.0227042   
9.175         -0.0227062   
9.176         -0.0227083   
9.177         -0.0227105   
9.178         -0.0227123   
9.179         -0.0227143   
9.18          -0.0227164   
9.181         -0.0227184   
9.182         -0.0227205   
9.183         -0.0227225   
9.184         -0.0227246   
9.185         -0.0227266   
9.186         -0.0227287   
9.187         -0.0227306   
9.188         -0.0227326   
9.189         -0.0227347   
9.19          -0.0227367   
9.191         -0.0227387   
9.192         -0.0227408   
9.193         -0.0227428   
9.194         -0.0227449   
9.195         -0.022747    
9.196         -0.022749    
9.197         -0.022751    
9.198         -0.0227531   
9.199         -0.022755    
9.2           -0.022757    
9.201         -0.022759    
9.202         -0.022761    
9.203         -0.0227631   
9.204         -0.0227651   
9.205         -0.0227671   
9.206         -0.0227692   
9.207         -0.0227712   
9.208         -0.0227733   
9.209         -0.0227753   
9.21          -0.0227773   
9.211         -0.0227794   
9.212         -0.0227814   
9.213         -0.0227834   
9.214         -0.0227854   
9.215         -0.0227875   
9.216         -0.0227895   
9.217         -0.0227916   
9.218         -0.0227936   
9.219         -0.0227956   
9.22          -0.0227977   
9.221         -0.0227997   
9.222         -0.0228018   
9.223         -0.0228038   
9.224         -0.0228058   
9.225         -0.0228079   
9.226         -0.0228099   
9.227         -0.0228119   
9.228         -0.0228139   
9.229         -0.0228159   
9.23          -0.022818    
9.231         -0.02282     
9.232         -0.0228221   
9.233         -0.0228241   
9.234         -0.0228261   
9.235         -0.0228281   
9.236         -0.0228302   
9.237         -0.0228322   
9.238         -0.0228343   
9.239         -0.0228363   
9.24          -0.0228383   
9.241         -0.0228403   
9.242         -0.0228423   
9.243         -0.0228443   
9.244         -0.0228464   
9.245         -0.0228484   
9.246         -0.0228504   
9.247         -0.0228526   
9.248         -0.0228544   
9.249         -0.0228565   
9.25          -0.0228585   
9.251         -0.0228606   
9.252         -0.0228626   
9.253         -0.0228646   
9.254         -0.0228667   
9.255         -0.0228687   
9.256         -0.0228707   
9.257         -0.0228728   
9.258         -0.0228748   
9.259         -0.0228768   
9.26          -0.0228789   
9.261         -0.0228809   
9.262         -0.0228829   
9.263         -0.0228849   
9.264         -0.022887    
9.265         -0.022889    
9.266         -0.022891    
9.267         -0.0228931   
9.268         -0.0228951   
9.269         -0.0228971   
9.27          -0.0228991   
9.271         -0.0229012   
9.272         -0.0229032   
9.273         -0.0229052   
9.274         -0.0229073   
9.275         -0.0229093   
9.276         -0.0229113   
9.277         -0.0229133   
9.278         -0.0229154   
9.279         -0.0229174   
9.28          -0.0229194   
9.281         -0.0229214   
9.282         -0.0229234   
9.283         -0.0229255   
9.284         -0.0229276   
9.285         -0.0229296   
9.286         -0.0229316   
9.287         -0.0229337   
9.288         -0.0229357   
9.289         -0.0229377   
9.29          -0.0229397   
9.291         -0.0229418   
9.292         -0.0229437   
9.293         -0.0229457   
9.294         -0.0229478   
9.295         -0.0229498   
9.296         -0.0229518   
9.297         -0.0229538   
9.298         -0.0229559   
9.299         -0.0229579   
9.3           -0.0229599   
9.301         -0.022962    
9.302         -0.022964    
9.303         -0.022966    
9.304         -0.0229681   
9.305         -0.0229701   
9.306         -0.0229721   
9.307         -0.0229741   
9.308         -0.0229761   
9.309         -0.0229782   
9.31          -0.0229802   
9.311         -0.0229822   
9.312         -0.0229843   
9.313         -0.0229863   
9.314         -0.0229883   
9.315         -0.0229904   
9.316         -0.0229924   
9.317         -0.0229945   
9.318         -0.0229964   
9.319         -0.0229984   
9.32          -0.0230005   
9.321         -0.0230025   
9.322         -0.0230045   
9.323         -0.0230066   
9.324         -0.0230086   
9.325         -0.0230106   
9.326         -0.0230126   
9.327         -0.0230146   
9.328         -0.0230167   
9.329         -0.0230187   
9.33          -0.0230207   
9.331         -0.0230227   
9.332         -0.0230248   
9.333         -0.0230268   
9.334         -0.0230287   
9.335         -0.0230309   
9.336         -0.0230329   
9.337         -0.0230349   
9.338         -0.0230369   
9.339         -0.023039    
9.34          -0.023041    
9.341         -0.023043    
9.342         -0.023045    
9.343         -0.0230471   
9.344         -0.0230491   
9.345         -0.0230511   
9.346         -0.0230531   
9.347         -0.0230552   
9.348         -0.0230572   
9.349         -0.0230592   
9.35          -0.0230612   
9.351         -0.0230632   
9.352         -0.0230652   
9.353         -0.0230672   
9.354         -0.0230693   
9.355         -0.0230713   
9.356         -0.0230733   
9.357         -0.0230754   
9.358         -0.0230774   
9.359         -0.0230794   
9.36          -0.0230814   
9.361         -0.0230834   
9.362         -0.0230855   
9.363         -0.0230875   
9.364         -0.0230895   
9.365         -0.0230916   
9.366         -0.0230936   
9.367         -0.0230956   
9.368         -0.0230976   
9.369         -0.0230996   
9.37          -0.0231016   
9.371         -0.0231037   
9.372         -0.0231057   
9.373         -0.0231077   
9.374         -0.0231098   
9.375         -0.0231118   
9.376         -0.0231137   
9.377         -0.0231158   
9.378         -0.0231179   
9.379         -0.0231199   
9.38          -0.0231219   
9.381         -0.0231239   
9.382         -0.0231259   
9.383         -0.0231279   
9.384         -0.02313     
9.385         -0.023132    
9.386         -0.0231341   
9.387         -0.0231362   
9.388         -0.023138    
9.389         -0.0231401   
9.39          -0.0231421   
9.391         -0.0231441   
9.392         -0.023146    
9.393         -0.0231481   
9.394         -0.0231502   
9.395         -0.0231522   
9.396         -0.0231542   
9.397         -0.0231563   
9.398         -0.0231583   
9.399         -0.0231603   
9.4           -0.0231623   
9.401         -0.0231643   
9.402         -0.0231664   
9.403         -0.0231684   
9.404         -0.0231704   
9.405         -0.0231725   
9.406         -0.0231745   
9.407         -0.0231764   
9.408         -0.0231785   
9.409         -0.0231805   
9.41          -0.0231825   
9.411         -0.0231845   
9.412         -0.0231865   
9.413         -0.0231885   
9.414         -0.0231905   
9.415         -0.0231926   
9.416         -0.0231946   
9.417         -0.0231966   
9.418         -0.0231987   
9.419         -0.0232007   
9.42          -0.0232027   
9.421         -0.0232048   
9.422         -0.0232067   
9.423         -0.0232087   
9.424         -0.0232107   
9.425         -0.0232127   
9.426         -0.0232147   
9.427         -0.0232168   
9.428         -0.0232188   
9.429         -0.0232208   
9.43          -0.0232229   
9.431         -0.0232249   
9.432         -0.0232269   
9.433         -0.0232289   
9.434         -0.0232309   
9.435         -0.023233    
9.436         -0.023235    
9.437         -0.023237    
9.438         -0.023239    
9.439         -0.023241    
9.44          -0.023243    
9.441         -0.0232451   
9.442         -0.0232471   
9.443         -0.0232491   
9.444         -0.0232511   
9.445         -0.0232531   
9.446         -0.0232552   
9.447         -0.0232572   
9.448         -0.0232592   
9.449         -0.0232612   
9.45          -0.0232632   
9.451         -0.0232652   
9.452         -0.0232673   
9.453         -0.0232693   
9.454         -0.0232713   
9.455         -0.0232733   
9.456         -0.0232754   
9.457         -0.0232773   
9.458         -0.0232794   
9.459         -0.0232814   
9.46          -0.0232834   
9.461         -0.0232854   
9.462         -0.0232874   
9.463         -0.0232894   
9.464         -0.0232915   
9.465         -0.0232935   
9.466         -0.0232955   
9.467         -0.0232975   
9.468         -0.0232995   
9.469         -0.0233014   
9.47          -0.0233035   
9.471         -0.0233056   
9.472         -0.0233076   
9.473         -0.0233096   
9.474         -0.0233117   
9.475         -0.0233136   
9.476         -0.0233157   
9.477         -0.0233177   
9.478         -0.0233197   
9.479         -0.0233217   
9.48          -0.0233237   
9.481         -0.0233257   
9.482         -0.0233277   
9.483         -0.0233298   
9.484         -0.0233318   
9.485         -0.0233338   
9.486         -0.0233358   
9.487         -0.0233378   
9.488         -0.0233398   
9.489         -0.0233419   
9.49          -0.0233439   
9.491         -0.0233459   
9.492         -0.0233479   
9.493         -0.0233499   
9.494         -0.0233519   
9.495         -0.0233539   
9.496         -0.0233559   
9.497         -0.0233579   
9.498         -0.02336     
9.499         -0.023362    
9.5           -0.023364    
9.501         -0.023366    
9.502         -0.023368    
9.503         -0.02337     
9.504         -0.023372    
9.505         -0.0233741   
9.506         -0.0233761   
9.507         -0.0233781   
9.508         -0.0233801   
9.509         -0.0233821   
9.51          -0.0233841   
9.511         -0.0233861   
9.512         -0.0233882   
9.513         -0.0233902   
9.514         -0.0233922   
9.515         -0.0233942   
9.516         -0.0233962   
9.517         -0.0233982   
9.518         -0.0234002   
9.519         -0.0234022   
9.52          -0.0234042   
9.521         -0.0234063   
9.522         -0.0234083   
9.523         -0.0234103   
9.524         -0.0234123   
9.525         -0.0234143   
9.526         -0.0234164   
9.527         -0.0234183   
9.528         -0.0234203   
9.529         -0.0234224   
9.53          -0.0234244   
9.531         -0.0234264   
9.532         -0.0234284   
9.533         -0.0234304   
9.534         -0.0234324   
9.535         -0.0234344   
9.536         -0.0234364   
9.537         -0.0234385   
9.538         -0.0234405   
9.539         -0.0234425   
9.54          -0.0234444   
9.541         -0.0234466   
9.542         -0.0234485   
9.543         -0.0234505   
9.544         -0.0234526   
9.545         -0.0234546   
9.546         -0.0234566   
9.547         -0.0234586   
9.548         -0.0234606   
9.549         -0.0234625   
9.55          -0.0234646   
9.551         -0.0234666   
9.552         -0.0234686   
9.553         -0.0234706   
9.554         -0.0234726   
9.555         -0.0234747   
9.556         -0.0234767   
9.557         -0.0234787   
9.558         -0.0234807   
9.559         -0.0234827   
9.56          -0.0234847   
9.561         -0.0234867   
9.562         -0.0234887   
9.563         -0.0234907   
9.564         -0.0234928   
9.565         -0.0234948   
9.566         -0.0234968   
9.567         -0.0234988   
9.568         -0.0235008   
9.569         -0.0235028   
9.57          -0.0235048   
9.571         -0.0235068   
9.572         -0.0235088   
9.573         -0.0235108   
9.574         -0.0235128   
9.575         -0.0235148   
9.576         -0.0235168   
9.577         -0.0235189   
9.578         -0.0235209   
9.579         -0.0235228   
9.58          -0.0235248   
9.581         -0.0235268   
9.582         -0.0235289   
9.583         -0.0235309   
9.584         -0.0235329   
9.585         -0.0235349   
9.586         -0.0235369   
9.587         -0.0235389   
9.588         -0.0235409   
9.589         -0.0235429   
9.59          -0.0235449   
9.591         -0.023547    
9.592         -0.023549    
9.593         -0.023551    
9.594         -0.023553    
9.595         -0.0235551   
9.596         -0.023557    
9.597         -0.023559    
9.598         -0.023561    
9.599         -0.023563    
9.6           -0.023565    
9.601         -0.023567    
9.602         -0.023569    
9.603         -0.023571    
9.604         -0.023573    
9.605         -0.023575    
9.606         -0.0235771   
9.607         -0.0235791   
9.608         -0.0235811   
9.609         -0.023583    
9.61          -0.0235851   
9.611         -0.0235871   
9.612         -0.0235891   
9.613         -0.0235911   
9.614         -0.0235932   
9.615         -0.0235952   
9.616         -0.0235972   
9.617         -0.0235992   
9.618         -0.0236012   
9.619         -0.0236032   
9.62          -0.0236052   
9.621         -0.0236072   
9.622         -0.0236091   
9.623         -0.0236111   
9.624         -0.0236131   
9.625         -0.0236152   
9.626         -0.0236172   
9.627         -0.0236192   
9.628         -0.0236212   
9.629         -0.0236232   
9.63          -0.0236252   
9.631         -0.0236272   
9.632         -0.0236292   
9.633         -0.0236312   
9.634         -0.0236331   
9.635         -0.0236352   
9.636         -0.0236372   
9.637         -0.0236392   
9.638         -0.0236412   
9.639         -0.0236432   
9.64          -0.0236453   
9.641         -0.0236473   
9.642         -0.0236493   
9.643         -0.0236513   
9.644         -0.0236533   
9.645         -0.0236553   
9.646         -0.0236573   
9.647         -0.0236593   
9.648         -0.0236613   
9.649         -0.0236633   
9.65          -0.0236653   
9.651         -0.0236673   
9.652         -0.0236693   
9.653         -0.0236713   
9.654         -0.0236733   
9.655         -0.0236753   
9.656         -0.0236773   
9.657         -0.0236793   
9.658         -0.0236813   
9.659         -0.0236833   
9.66          -0.0236853   
9.661         -0.0236873   
9.662         -0.0236893   
9.663         -0.0236913   
9.664         -0.0236933   
9.665         -0.0236953   
9.666         -0.0236973   
9.667         -0.0236993   
9.668         -0.0237013   
9.669         -0.0237033   
9.67          -0.0237053   
9.671         -0.0237073   
9.672         -0.0237093   
9.673         -0.0237113   
9.674         -0.0237133   
9.675         -0.0237153   
9.676         -0.0237173   
9.677         -0.0237193   
9.678         -0.0237213   
9.679         -0.0237233   
9.68          -0.0237253   
9.681         -0.0237273   
9.682         -0.0237293   
9.683         -0.0237313   
9.684         -0.0237334   
9.685         -0.0237354   
9.686         -0.0237374   
9.687         -0.0237394   
9.688         -0.0237414   
9.689         -0.0237434   
9.69          -0.0237454   
9.691         -0.0237475   
9.692         -0.0237493   
9.693         -0.0237513   
9.694         -0.0237534   
9.695         -0.0237554   
9.696         -0.0237574   
9.697         -0.0237593   
9.698         -0.0237613   
9.699         -0.0237633   
9.7           -0.0237653   
9.701         -0.0237673   
9.702         -0.0237693   
9.703         -0.0237713   
9.704         -0.0237733   
9.705         -0.0237753   
9.706         -0.0237773   
9.707         -0.0237793   
9.708         -0.0237813   
9.709         -0.0237833   
9.71          -0.0237853   
9.711         -0.0237873   
9.712         -0.0237893   
9.713         -0.0237913   
9.714         -0.0237933   
9.715         -0.0237953   
9.716         -0.0237973   
9.717         -0.0237993   
9.718         -0.0238013   
9.719         -0.0238033   
9.72          -0.0238053   
9.721         -0.0238073   
9.722         -0.0238093   
9.723         -0.0238113   
9.724         -0.0238134   
9.725         -0.0238153   
9.726         -0.0238173   
9.727         -0.0238193   
9.728         -0.0238213   
9.729         -0.0238233   
9.73          -0.0238253   
9.731         -0.0238273   
9.732         -0.0238293   
9.733         -0.0238313   
9.734         -0.0238333   
9.735         -0.0238353   
9.736         -0.0238373   
9.737         -0.0238393   
9.738         -0.0238413   
9.739         -0.0238433   
9.74          -0.0238453   
9.741         -0.0238473   
9.742         -0.0238493   
9.743         -0.0238513   
9.744         -0.0238532   
9.745         -0.0238552   
9.746         -0.0238572   
9.747         -0.0238592   
9.748         -0.0238612   
9.749         -0.0238632   
9.75          -0.0238652   
9.751         -0.0238672   
9.752         -0.0238692   
9.753         -0.0238712   
9.754         -0.0238732   
9.755         -0.0238752   
9.756         -0.0238772   
9.757         -0.0238792   
9.758         -0.0238812   
9.759         -0.0238832   
9.76          -0.0238852   
9.761         -0.0238872   
9.762         -0.0238892   
9.763         -0.0238912   
9.764         -0.0238932   
9.765         -0.0238952   
9.766         -0.0238973   
9.767         -0.0238993   
9.768         -0.0239012   
9.769         -0.0239031   
9.77          -0.0239051   
9.771         -0.0239071   
9.772         -0.0239091   
9.773         -0.0239111   
9.774         -0.0239131   
9.775         -0.0239151   
9.776         -0.0239171   
9.777         -0.0239191   
9.778         -0.0239211   
9.779         -0.0239231   
9.78          -0.0239251   
9.781         -0.023927    
9.782         -0.023929    
9.783         -0.023931    
9.784         -0.0239331   
9.785         -0.0239351   
9.786         -0.023937    
9.787         -0.023939    
9.788         -0.023941    
9.789         -0.023943    
9.79          -0.023945    
9.791         -0.023947    
9.792         -0.023949    
9.793         -0.023951    
9.794         -0.023953    
9.795         -0.0239549   
9.796         -0.0239569   
9.797         -0.0239589   
9.798         -0.0239609   
9.799         -0.0239629   
9.8           -0.0239649   
9.801         -0.0239669   
9.802         -0.0239689   
9.803         -0.0239709   
9.804         -0.0239729   
9.805         -0.0239749   
9.806         -0.0239769   
9.807         -0.0239789   
9.808         -0.0239809   
9.809         -0.0239828   
9.81          -0.0239848   
9.811         -0.0239868   
9.812         -0.0239888   
9.813         -0.0239908   
9.814         -0.0239928   
9.815         -0.0239947   
9.816         -0.0239967   
9.817         -0.0239987   
9.818         -0.0240007   
9.819         -0.0240027   
9.82          -0.0240047   
9.821         -0.0240067   
9.822         -0.0240087   
9.823         -0.0240107   
9.824         -0.0240127   
9.825         -0.0240147   
9.826         -0.0240167   
9.827         -0.0240187   
9.828         -0.0240206   
9.829         -0.0240226   
9.83          -0.0240246   
9.831         -0.0240266   
9.832         -0.0240286   
9.833         -0.0240306   
9.834         -0.0240326   
9.835         -0.0240346   
9.836         -0.0240366   
9.837         -0.0240386   
9.838         -0.0240406   
9.839         -0.0240425   
9.84          -0.0240445   
9.841         -0.0240465   
9.842         -0.0240485   
9.843         -0.0240505   
9.844         -0.0240525   
9.845         -0.0240546   
9.846         -0.0240565   
9.847         -0.0240584   
9.848         -0.0240604   
9.849         -0.0240624   
9.85          -0.0240644   
9.851         -0.0240664   
9.852         -0.0240685   
9.853         -0.0240703   
9.854         -0.0240723   
9.855         -0.0240743   
9.856         -0.0240763   
9.857         -0.0240783   
9.858         -0.0240803   
9.859         -0.0240823   
9.86          -0.0240843   
9.861         -0.0240862   
9.862         -0.0240882   
9.863         -0.0240902   
9.864         -0.0240922   
9.865         -0.0240942   
9.866         -0.0240962   
9.867         -0.0240982   
9.868         -0.0241001   
9.869         -0.0241021   
9.87          -0.0241041   
9.871         -0.0241061   
9.872         -0.0241081   
9.873         -0.0241101   
9.874         -0.0241121   
9.875         -0.0241141   
9.876         -0.024116    
9.877         -0.024118    
9.878         -0.02412     
9.879         -0.024122    
9.88          -0.024124    
9.881         -0.024126    
9.882         -0.024128    
9.883         -0.0241299   
9.884         -0.0241319   
9.885         -0.0241339   
9.886         -0.0241359   
9.887         -0.0241379   
9.888         -0.0241399   
9.889         -0.0241419   
9.89          -0.0241438   
9.891         -0.0241458   
9.892         -0.0241478   
9.893         -0.0241498   
9.894         -0.0241518   
9.895         -0.0241538   
9.896         -0.0241558   
9.897         -0.0241577   
9.898         -0.0241597   
9.899         -0.0241617   
9.9           -0.0241637   
9.901         -0.0241657   
9.902         -0.0241677   
9.903         -0.0241697   
9.904         -0.0241716   
9.905         -0.0241736   
9.906         -0.0241755   
9.907         -0.0241775   
9.908         -0.0241795   
9.909         -0.0241815   
9.91          -0.0241835   
9.911         -0.0241855   
9.912         -0.0241875   
9.913         -0.0241894   
9.914         -0.0241914   
9.915         -0.0241934   
9.916         -0.0241954   
9.917         -0.0241974   
9.918         -0.0241994   
9.919         -0.0242013   
9.92          -0.0242033   
9.921         -0.0242053   
9.922         -0.0242073   
9.923         -0.0242093   
9.924         -0.0242113   
9.925         -0.0242134   
9.926         -0.0242152   
9.927         -0.0242172   
9.928         -0.0242192   
9.929         -0.0242211   
9.93          -0.0242231   
9.931         -0.0242251   
9.932         -0.0242271   
9.933         -0.0242291   
9.934         -0.024231    
9.935         -0.024233    
9.936         -0.024235    
9.937         -0.024237    
9.938         -0.0242389   
9.939         -0.024241    
9.94          -0.024243    
9.941         -0.0242449   
9.942         -0.0242469   
9.943         -0.0242489   
9.944         -0.0242508   
9.945         -0.0242528   
9.946         -0.0242548   
9.947         -0.0242568   
9.948         -0.0242588   
9.949         -0.0242607   
9.95          -0.0242627   
9.951         -0.0242647   
9.952         -0.0242667   
9.953         -0.0242687   
9.954         -0.0242706   
9.955         -0.0242726   
9.956         -0.0242746   
9.957         -0.0242766   
9.958         -0.0242786   
9.959         -0.0242805   
9.96          -0.0242825   
9.961         -0.0242845   
9.962         -0.0242865   
9.963         -0.0242884   
9.964         -0.0242904   
9.965         -0.0242924   
9.966         -0.0242944   
9.967         -0.0242963   
9.968         -0.0242983   
9.969         -0.0243003   
9.97          -0.0243023   
9.971         -0.0243043   
9.972         -0.0243063   
9.973         -0.0243082   
9.974         -0.0243102   
9.975         -0.0243122   
9.976         -0.0243142   
9.977         -0.0243161   
9.978         -0.0243181   
9.979         -0.0243201   
9.98          -0.0243221   
9.981         -0.024324    
9.982         -0.024326    
9.983         -0.024328    
9.984         -0.02433     
9.985         -0.0243319   
9.986         -0.0243339   
9.987         -0.0243359   
9.988         -0.0243378   
9.989         -0.0243399   
9.99          -0.0243418   
9.991         -0.0243438   
9.992         -0.0243458   
9.993         -0.0243477   
9.994         -0.0243497   
9.995         -0.0243517   
9.996         -0.0243537   
9.997         -0.0243556   
9.998         -0.0243576   
9.999         -0.0243596   
10            -0.0243616   
