# Probe 0 (0.03 0 0.0073)
# Time        0            
0.0001        3759.22      
0.0002        -42.6269     
0.0003        -4.97884     
0.0004        -3.35766     
0.0005        -2.31596     
0.0006        -1.69558     
0.0007        -1.29454     
0.0008        -1.02172     
0.0009        -0.828975    
0.001         -0.688728    
0.0011        -0.5845      
0.0012        -0.505359    
0.0013        -0.444608    
0.0014        -0.397451    
0.0015        -0.360357    
0.0016        -0.331       
0.0017        -0.307609    
0.0018        -0.288849    
0.0019        -0.273717    
0.002         -0.261489    
0.0021        -0.251556    
0.0022        -0.243512    
0.0023        -0.236998    
0.0024        -0.23179     
0.0025        -0.22767     
0.0026        -0.224024    
0.0027        -0.221195    
0.0028        -0.219042    
0.0029        -0.217364    
0.003         -0.216281    
0.0031        -0.215732    
0.0032        -0.215117    
0.0033        -0.214783    
0.0034        -0.214657    
0.0035        -0.214701    
0.0036        -0.214882    
0.0037        -0.215184    
0.0038        -0.215588    
0.0039        -0.216071    
0.004         -0.216622    
0.0041        -0.21723     
0.0042        -0.217882    
0.0043        -0.218573    
0.0044        -0.219289    
0.0045        -0.219994    
0.0046        -0.220703    
0.0047        -0.221676    
0.0048        -0.222475    
0.0049        -0.223261    
0.005         -0.224052    
0.0051        -0.22485     
0.0052        -0.225635    
0.0053        -0.226425    
0.0054        -0.227203    
0.0055        -0.227981    
0.0056        -0.228728    
0.0057        -0.229513    
0.0058        -0.230268    
0.0059        -0.23102     
0.006         -0.231756    
0.0061        -0.232486    
0.0062        -0.233216    
0.0063        -0.233937    
0.0064        -0.234643    
0.0065        -0.235342    
0.0066        -0.236029    
0.0067        -0.236703    
0.0068        -0.23738     
0.0069        -0.238039    
0.007         -0.238691    
0.0071        -0.239334    
0.0072        -0.23997     
0.0073        -0.240595    
0.0074        -0.24121     
0.0075        -0.241817    
0.0076        -0.242423    
0.0077        -0.24303     
0.0078        -0.243633    
0.0079        -0.244173    
0.008         -0.244728    
0.0081        -0.245258    
0.0082        -0.245813    
0.0083        -0.246362    
0.0084        -0.246896    
0.0085        -0.247426    
0.0086        -0.247949    
0.0087        -0.248465    
0.0088        -0.248974    
0.0089        -0.249478    
0.009         -0.249974    
0.0091        -0.250466    
0.0092        -0.250951    
0.0093        -0.251428    
0.0094        -0.251917    
0.0095        -0.252386    
0.0096        -0.252849    
0.0097        -0.253309    
0.0098        -0.253762    
0.0099        -0.254208    
0.01          -0.254652    
0.0101        -0.255086    
0.0102        -0.255515    
0.0103        -0.25594     
0.0104        -0.256362    
0.0105        -0.256781    
0.0106        -0.25719     
0.0107        -0.257599    
0.0108        -0.258005    
0.0109        -0.258406    
0.011         -0.258799    
0.0111        -0.259177    
0.0112        -0.259578    
0.0113        -0.259955    
0.0114        -0.260329    
0.0115        -0.260686    
0.0116        -0.261053    
0.0117        -0.261426    
0.0118        -0.261791    
0.0119        -0.262154    
0.012         -0.262511    
0.0121        -0.262866    
0.0122        -0.263217    
0.0123        -0.263562    
0.0124        -0.263908    
0.0125        -0.264249    
0.0126        -0.264586    
0.0127        -0.264921    
0.0128        -0.26525     
0.0129        -0.265581    
0.013         -0.265911    
0.0131        -0.266235    
0.0132        -0.266558    
0.0133        -0.266879    
0.0134        -0.267197    
0.0135        -0.267513    
0.0136        -0.267823    
0.0137        -0.268133    
0.0138        -0.26844     
0.0139        -0.268744    
0.014         -0.269048    
0.0141        -0.269349    
0.0142        -0.269646    
0.0143        -0.269941    
0.0144        -0.270234    
0.0145        -0.270527    
0.0146        -0.270817    
0.0147        -0.271105    
0.0148        -0.271389    
0.0149        -0.271672    
0.015         -0.271954    
0.0151        -0.272233    
0.0152        -0.272511    
0.0153        -0.272787    
0.0154        -0.273063    
0.0155        -0.273337    
0.0156        -0.273608    
0.0157        -0.273878    
0.0158        -0.274147    
0.0159        -0.274414    
0.016         -0.274681    
0.0161        -0.274945    
0.0162        -0.275209    
0.0163        -0.275469    
0.0164        -0.27573     
0.0165        -0.275983    
0.0166        -0.276247    
0.0167        -0.276503    
0.0168        -0.276757    
0.0169        -0.27701     
0.017         -0.277262    
0.0171        -0.277513    
0.0172        -0.277762    
0.0173        -0.278008    
0.0174        -0.278255    
0.0175        -0.278499    
0.0176        -0.278743    
0.0177        -0.278985    
0.0178        -0.279226    
0.0179        -0.279466    
0.018         -0.279704    
0.0181        -0.279944    
0.0182        -0.280181    
0.0183        -0.280417    
0.0184        -0.28065     
0.0185        -0.280885    
0.0186        -0.281117    
0.0187        -0.281347    
0.0188        -0.281577    
0.0189        -0.281805    
0.019         -0.282033    
0.0191        -0.28226     
0.0192        -0.282486    
0.0193        -0.282711    
0.0194        -0.282934    
0.0195        -0.283158    
0.0196        -0.283378    
0.0197        -0.283599    
0.0198        -0.283817    
0.0199        -0.284035    
0.02          -0.284254    
0.0201        -0.284472    
0.0202        -0.284688    
0.0203        -0.284903    
0.0204        -0.285118    
0.0205        -0.285332    
0.0206        -0.285544    
0.0207        -0.285756    
0.0208        -0.285967    
0.0209        -0.286177    
0.021         -0.286387    
0.0211        -0.286596    
0.0212        -0.286804    
0.0213        -0.287011    
0.0214        -0.287218    
0.0215        -0.287424    
0.0216        -0.287629    
0.0217        -0.287833    
0.0218        -0.288038    
0.0219        -0.288241    
0.022         -0.288445    
0.0221        -0.288648    
0.0222        -0.28885     
0.0223        -0.289052    
0.0224        -0.289253    
0.0225        -0.289454    
0.0226        -0.289655    
0.0227        -0.289855    
0.0228        -0.290055    
0.0229        -0.290254    
0.023         -0.290455    
0.0231        -0.290655    
0.0232        -0.290853    
0.0233        -0.291051    
0.0234        -0.291251    
0.0235        -0.291449    
0.0236        -0.291648    
0.0237        -0.291847    
0.0238        -0.292045    
0.0239        -0.292246    
0.024         -0.292445    
0.0241        -0.292643    
0.0242        -0.292844    
0.0243        -0.293043    
0.0244        -0.293244    
0.0245        -0.293445    
0.0246        -0.293646    
0.0247        -0.293846    
0.0248        -0.294049    
0.0249        -0.294251    
0.025         -0.294454    
0.0251        -0.294658    
0.0252        -0.294862    
0.0253        -0.295067    
0.0254        -0.295272    
0.0255        -0.295478    
0.0256        -0.295684    
0.0257        -0.29589     
0.0258        -0.296098    
0.0259        -0.296307    
0.026         -0.296518    
0.0261        -0.296729    
0.0262        -0.29694     
0.0263        -0.297153    
0.0264        -0.297368    
0.0265        -0.297583    
0.0266        -0.297799    
0.0267        -0.298017    
0.0268        -0.298235    
0.0269        -0.298455    
0.027         -0.298675    
0.0271        -0.298897    
0.0272        -0.299121    
0.0273        -0.299346    
0.0274        -0.299572    
0.0275        -0.299798    
0.0276        -0.300028    
0.0277        -0.300258    
0.0278        -0.300488    
0.0279        -0.30072     
0.028         -0.300954    
0.0281        -0.30119     
0.0282        -0.301427    
0.0283        -0.301664    
0.0284        -0.301902    
0.0285        -0.302143    
0.0286        -0.302385    
0.0287        -0.302628    
0.0288        -0.302872    
0.0289        -0.303118    
0.029         -0.303364    
0.0291        -0.303612    
0.0292        -0.303861    
0.0293        -0.304112    
0.0294        -0.304365    
0.0295        -0.304618    
0.0296        -0.304873    
0.0297        -0.305129    
0.0298        -0.305386    
0.0299        -0.305643    
0.03          -0.305903    
0.0301        -0.306163    
0.0302        -0.306424    
0.0303        -0.306687    
0.0304        -0.306952    
0.0305        -0.307217    
0.0306        -0.307483    
0.0307        -0.307749    
0.0308        -0.308017    
0.0309        -0.308285    
0.031         -0.308554    
0.0311        -0.308823    
0.0312        -0.309094    
0.0313        -0.309365    
0.0314        -0.309638    
0.0315        -0.30991     
0.0316        -0.310183    
0.0317        -0.310457    
0.0318        -0.31073     
0.0319        -0.311004    
0.032         -0.311278    
0.0321        -0.311553    
0.0322        -0.311828    
0.0323        -0.312104    
0.0324        -0.312378    
0.0325        -0.312654    
0.0326        -0.31293     
0.0327        -0.313207    
0.0328        -0.313482    
0.0329        -0.313759    
0.033         -0.314036    
0.0331        -0.314313    
0.0332        -0.314589    
0.0333        -0.314864    
0.0334        -0.31514     
0.0335        -0.315415    
0.0336        -0.315688    
0.0337        -0.315961    
0.0338        -0.316235    
0.0339        -0.316509    
0.034         -0.316782    
0.0341        -0.317053    
0.0342        -0.317324    
0.0343        -0.317593    
0.0344        -0.317862    
0.0345        -0.318135    
0.0346        -0.318404    
0.0347        -0.318672    
0.0348        -0.31894     
0.0349        -0.319206    
0.035         -0.319471    
0.0351        -0.319734    
0.0352        -0.319997    
0.0353        -0.32026     
0.0354        -0.320522    
0.0355        -0.320779    
0.0356        -0.321039    
0.0357        -0.321296    
0.0358        -0.32155     
0.0359        -0.321806    
0.036         -0.322059    
0.0361        -0.322309    
0.0362        -0.32256     
0.0363        -0.322811    
0.0364        -0.323058    
0.0365        -0.323304    
0.0366        -0.323549    
0.0367        -0.323794    
0.0368        -0.324035    
0.0369        -0.324276    
0.037         -0.324514    
0.0371        -0.324754    
0.0372        -0.324989    
0.0373        -0.325223    
0.0374        -0.325454    
0.0375        -0.325685    
0.0376        -0.325915    
0.0377        -0.326143    
0.0378        -0.326369    
0.0379        -0.326594    
0.038         -0.326819    
0.0381        -0.327041    
0.0382        -0.327259    
0.0383        -0.327475    
0.0384        -0.327691    
0.0385        -0.327907    
0.0386        -0.32812     
0.0387        -0.32833     
0.0388        -0.328538    
0.0389        -0.328745    
0.039         -0.328952    
0.0391        -0.329157    
0.0392        -0.329357    
0.0393        -0.329556    
0.0394        -0.329755    
0.0395        -0.329955    
0.0396        -0.330152    
0.0397        -0.330344    
0.0398        -0.330535    
0.0399        -0.330723    
0.04          -0.330911    
0.0401        -0.331099    
0.0402        -0.331283    
0.0403        -0.331465    
0.0404        -0.331645    
0.0405        -0.331823    
0.0406        -0.332002    
0.0407        -0.332182    
0.0408        -0.332358    
0.0409        -0.332529    
0.041         -0.3327      
0.0411        -0.332869    
0.0412        -0.333039    
0.0413        -0.333206    
0.0414        -0.33337     
0.0415        -0.333532    
0.0416        -0.333691    
0.0417        -0.33385     
0.0418        -0.33401     
0.0419        -0.33417     
0.042         -0.334326    
0.0421        -0.334479    
0.0422        -0.334629    
0.0423        -0.334778    
0.0424        -0.334928    
0.0425        -0.335078    
0.0426        -0.335222    
0.0427        -0.335364    
0.0428        -0.335506    
0.0429        -0.335642    
0.043         -0.335781    
0.0431        -0.33593     
0.0432        -0.336075    
0.0433        -0.336212    
0.0434        -0.336347    
0.0435        -0.336481    
0.0436        -0.336613    
0.0437        -0.336744    
0.0438        -0.33688     
0.0439        -0.337003    
0.044         -0.337131    
0.0441        -0.337258    
0.0442        -0.337383    
0.0443        -0.33751     
0.0444        -0.337631    
0.0445        -0.337752    
0.0446        -0.337876    
0.0447        -0.337995    
0.0448        -0.338108    
0.0449        -0.338223    
0.045         -0.338339    
0.0451        -0.338453    
0.0452        -0.338569    
0.0453        -0.33868     
0.0454        -0.338794    
0.0455        -0.338905    
0.0456        -0.339014    
0.0457        -0.339117    
0.0458        -0.339217    
0.0459        -0.339314    
0.046         -0.339433    
0.0461        -0.339549    
0.0462        -0.339657    
0.0463        -0.339754    
0.0464        -0.339858    
0.0465        -0.339957    
0.0466        -0.340065    
0.0467        -0.340161    
0.0468        -0.340259    
0.0469        -0.340355    
0.047         -0.340454    
0.0471        -0.340553    
0.0472        -0.340647    
0.0473        -0.340737    
0.0474        -0.340835    
0.0475        -0.340926    
0.0476        -0.341014    
0.0477        -0.341104    
0.0478        -0.341196    
0.0479        -0.341288    
0.048         -0.341376    
0.0481        -0.341462    
0.0482        -0.341543    
0.0483        -0.341617    
0.0484        -0.34171     
0.0485        -0.341813    
0.0486        -0.3419      
0.0487        -0.341985    
0.0488        -0.342066    
0.0489        -0.342143    
0.049         -0.342232    
0.0491        -0.342311    
0.0492        -0.342382    
0.0493        -0.342471    
0.0494        -0.342565    
0.0495        -0.342646    
0.0496        -0.342724    
0.0497        -0.342805    
0.0498        -0.342884    
0.0499        -0.342963    
0.05          -0.343043    
0.0501        -0.343118    
0.0502        -0.343193    
0.0503        -0.343265    
0.0504        -0.343346    
0.0505        -0.343419    
0.0506        -0.343493    
0.0507        -0.343561    
0.0508        -0.343634    
0.0509        -0.343709    
0.051         -0.343777    
0.0511        -0.343845    
0.0512        -0.343912    
0.0513        -0.343983    
0.0514        -0.34407     
0.0515        -0.344145    
0.0516        -0.34421     
0.0517        -0.344279    
0.0518        -0.344353    
0.0519        -0.344409    
0.052         -0.344473    
0.0521        -0.344552    
0.0522        -0.344639    
0.0523        -0.344699    
0.0524        -0.344775    
0.0525        -0.344832    
0.0526        -0.344903    
0.0527        -0.344975    
0.0528        -0.345039    
0.0529        -0.3451      
0.053         -0.345162    
0.0531        -0.345227    
0.0532        -0.345295    
0.0533        -0.345353    
0.0534        -0.345416    
0.0535        -0.345478    
0.0536        -0.345534    
0.0537        -0.345594    
0.0538        -0.345658    
0.0539        -0.345721    
0.054         -0.345775    
0.0541        -0.345831    
0.0542        -0.345895    
0.0543        -0.345966    
0.0544        -0.346031    
0.0545        -0.346083    
0.0546        -0.346151    
0.0547        -0.346217    
0.0548        -0.34628     
0.0549        -0.346332    
0.055         -0.346388    
0.0551        -0.346438    
0.0552        -0.346501    
0.0553        -0.346557    
0.0554        -0.346614    
0.0555        -0.346664    
0.0556        -0.346719    
0.0557        -0.346787    
0.0558        -0.346851    
0.0559        -0.346907    
0.056         -0.346978    
0.0561        -0.347052    
0.0562        -0.347107    
0.0563        -0.347157    
0.0564        -0.347223    
0.0565        -0.347266    
0.0566        -0.347312    
0.0567        -0.347371    
0.0568        -0.347421    
0.0569        -0.347479    
0.057         -0.347553    
0.0571        -0.347599    
0.0572        -0.347656    
0.0573        -0.34771     
0.0574        -0.347751    
0.0575        -0.347802    
0.0576        -0.347869    
0.0577        -0.347922    
0.0578        -0.347982    
0.0579        -0.348034    
0.058         -0.348081    
0.0581        -0.348127    
0.0582        -0.348174    
0.0583        -0.348232    
0.0584        -0.348286    
0.0585        -0.348344    
0.0586        -0.348393    
0.0587        -0.348449    
0.0588        -0.348501    
0.0589        -0.348552    
0.059         -0.348606    
0.0591        -0.348655    
0.0592        -0.348701    
0.0593        -0.348748    
0.0594        -0.348794    
0.0595        -0.348839    
0.0596        -0.348886    
0.0597        -0.348934    
0.0598        -0.348988    
0.0599        -0.349043    
0.06          -0.349093    
0.0601        -0.349137    
0.0602        -0.349182    
0.0603        -0.349236    
0.0604        -0.349286    
0.0605        -0.349334    
0.0606        -0.34938     
0.0607        -0.349423    
0.0608        -0.349466    
0.0609        -0.34951     
0.061         -0.349553    
0.0611        -0.349597    
0.0612        -0.349642    
0.0613        -0.349684    
0.0614        -0.349737    
0.0615        -0.349795    
0.0616        -0.349838    
0.0617        -0.34989     
0.0618        -0.349954    
0.0619        -0.350029    
0.062         -0.350071    
0.0621        -0.350109    
0.0622        -0.350155    
0.0623        -0.35021     
0.0624        -0.350254    
0.0625        -0.350313    
0.0626        -0.35036     
0.0627        -0.350407    
0.0628        -0.350453    
0.0629        -0.350502    
0.063         -0.350553    
0.0631        -0.350613    
0.0632        -0.350684    
0.0633        -0.350733    
0.0634        -0.350778    
0.0635        -0.350819    
0.0636        -0.350863    
0.0637        -0.350911    
0.0638        -0.350957    
0.0639        -0.351004    
0.064         -0.351049    
0.0641        -0.351101    
0.0642        -0.351143    
0.0643        -0.351194    
0.0644        -0.351231    
0.0645        -0.351255    
0.0646        -0.351295    
0.0647        -0.351344    
0.0648        -0.351383    
0.0649        -0.351429    
0.065         -0.351461    
0.0651        -0.351507    
0.0652        -0.351546    
0.0653        -0.351595    
0.0654        -0.351638    
0.0655        -0.351688    
0.0656        -0.351729    
0.0657        -0.351782    
0.0658        -0.351824    
0.0659        -0.351874    
0.066         -0.351917    
0.0661        -0.351966    
0.0662        -0.352007    
0.0663        -0.352057    
0.0664        -0.352098    
0.0665        -0.352133    
0.0666        -0.352171    
0.0667        -0.352219    
0.0668        -0.35226     
0.0669        -0.352303    
0.067         -0.352344    
0.0671        -0.352387    
0.0672        -0.352433    
0.0673        -0.352477    
0.0674        -0.352519    
0.0675        -0.352561    
0.0676        -0.352603    
0.0677        -0.352654    
0.0678        -0.352698    
0.0679        -0.352745    
0.068         -0.35279     
0.0681        -0.352836    
0.0682        -0.352875    
0.0683        -0.352917    
0.0684        -0.35296     
0.0685        -0.353001    
0.0686        -0.353043    
0.0687        -0.353088    
0.0688        -0.353128    
0.0689        -0.353171    
0.069         -0.353212    
0.0691        -0.353253    
0.0692        -0.353294    
0.0693        -0.353337    
0.0694        -0.353381    
0.0695        -0.353421    
0.0696        -0.353462    
0.0697        -0.353503    
0.0698        -0.353544    
0.0699        -0.353585    
0.07          -0.353626    
0.0701        -0.353667    
0.0702        -0.353711    
0.0703        -0.35375     
0.0704        -0.353789    
0.0705        -0.353831    
0.0706        -0.353878    
0.0707        -0.353921    
0.0708        -0.353968    
0.0709        -0.354009    
0.071         -0.354053    
0.0711        -0.354095    
0.0712        -0.354143    
0.0713        -0.354185    
0.0714        -0.354227    
0.0715        -0.354268    
0.0716        -0.354307    
0.0717        -0.354352    
0.0718        -0.354394    
0.0719        -0.354435    
0.072         -0.354475    
0.0721        -0.354515    
0.0722        -0.354556    
0.0723        -0.354595    
0.0724        -0.354639    
0.0725        -0.354679    
0.0726        -0.354718    
0.0727        -0.354762    
0.0728        -0.354802    
0.0729        -0.354842    
0.073         -0.354881    
0.0731        -0.354921    
0.0732        -0.35496     
0.0733        -0.355       
0.0734        -0.355039    
0.0735        -0.355078    
0.0736        -0.355119    
0.0737        -0.355159    
0.0738        -0.355198    
0.0739        -0.35524     
0.074         -0.35528     
0.0741        -0.35532     
0.0742        -0.355364    
0.0743        -0.355411    
0.0744        -0.355455    
0.0745        -0.355497    
0.0746        -0.355538    
0.0747        -0.355584    
0.0748        -0.355627    
0.0749        -0.355667    
0.075         -0.355705    
0.0751        -0.355744    
0.0752        -0.355782    
0.0753        -0.355819    
0.0754        -0.355858    
0.0755        -0.3559      
0.0756        -0.35594     
0.0757        -0.35598     
0.0758        -0.356018    
0.0759        -0.356057    
0.076         -0.356098    
0.0761        -0.356138    
0.0762        -0.356177    
0.0763        -0.356217    
0.0764        -0.356256    
0.0765        -0.356294    
0.0766        -0.356333    
0.0767        -0.356373    
0.0768        -0.356413    
0.0769        -0.356453    
0.077         -0.356493    
0.0771        -0.356532    
0.0772        -0.35657     
0.0773        -0.356608    
0.0774        -0.356647    
0.0775        -0.356689    
0.0776        -0.35673     
0.0777        -0.356773    
0.0778        -0.356815    
0.0779        -0.356853    
0.078         -0.356891    
0.0781        -0.356929    
0.0782        -0.356967    
0.0783        -0.357007    
0.0784        -0.35705     
0.0785        -0.357092    
0.0786        -0.357133    
0.0787        -0.357176    
0.0788        -0.35722     
0.0789        -0.357261    
0.079         -0.357298    
0.0791        -0.357338    
0.0792        -0.357377    
0.0793        -0.357416    
0.0794        -0.357455    
0.0795        -0.357495    
0.0796        -0.357534    
0.0797        -0.357571    
0.0798        -0.35761     
0.0799        -0.357647    
0.08          -0.357686    
0.0801        -0.357726    
0.0802        -0.357764    
0.0803        -0.357804    
0.0804        -0.357843    
0.0805        -0.357881    
0.0806        -0.357919    
0.0807        -0.357957    
0.0808        -0.357995    
0.0809        -0.358032    
0.081         -0.358071    
0.0811        -0.35811     
0.0812        -0.35815     
0.0813        -0.358188    
0.0814        -0.358226    
0.0815        -0.358266    
0.0816        -0.358306    
0.0817        -0.358345    
0.0818        -0.358387    
0.0819        -0.358425    
0.082         -0.358463    
0.0821        -0.358501    
0.0822        -0.358538    
0.0823        -0.358576    
0.0824        -0.358615    
0.0825        -0.358653    
0.0826        -0.358691    
0.0827        -0.358728    
0.0828        -0.358766    
0.0829        -0.358802    
0.083         -0.358842    
0.0831        -0.358881    
0.0832        -0.35892     
0.0833        -0.358962    
0.0834        -0.359       
0.0835        -0.359038    
0.0836        -0.359077    
0.0837        -0.359114    
0.0838        -0.359153    
0.0839        -0.359194    
0.084         -0.359233    
0.0841        -0.359271    
0.0842        -0.359308    
0.0843        -0.359345    
0.0844        -0.359385    
0.0845        -0.359422    
0.0846        -0.359458    
0.0847        -0.359499    
0.0848        -0.359537    
0.0849        -0.359575    
0.085         -0.359613    
0.0851        -0.359651    
0.0852        -0.359687    
0.0853        -0.359725    
0.0854        -0.359763    
0.0855        -0.3598      
0.0856        -0.359835    
0.0857        -0.359872    
0.0858        -0.359909    
0.0859        -0.359948    
0.086         -0.359986    
0.0861        -0.360025    
0.0862        -0.360064    
0.0863        -0.360102    
0.0864        -0.36014     
0.0865        -0.360176    
0.0866        -0.360214    
0.0867        -0.360252    
0.0868        -0.360288    
0.0869        -0.360325    
0.087         -0.360364    
0.0871        -0.360404    
0.0872        -0.360442    
0.0873        -0.360478    
0.0874        -0.360515    
0.0875        -0.360551    
0.0876        -0.360588    
0.0877        -0.360626    
0.0878        -0.360663    
0.0879        -0.360699    
0.088         -0.360735    
0.0881        -0.360773    
0.0882        -0.360811    
0.0883        -0.360849    
0.0884        -0.360886    
0.0885        -0.360923    
0.0886        -0.360958    
0.0887        -0.360996    
0.0888        -0.361034    
0.0889        -0.36107     
0.089         -0.361107    
0.0891        -0.361144    
0.0892        -0.361181    
0.0893        -0.361218    
0.0894        -0.361254    
0.0895        -0.36129     
0.0896        -0.361326    
0.0897        -0.361364    
0.0898        -0.361402    
0.0899        -0.361439    
0.09          -0.361476    
0.0901        -0.361513    
0.0902        -0.361548    
0.0903        -0.361585    
0.0904        -0.361622    
0.0905        -0.36166     
0.0906        -0.361697    
0.0907        -0.361733    
0.0908        -0.361769    
0.0909        -0.361806    
0.091         -0.361843    
0.0911        -0.361879    
0.0912        -0.361914    
0.0913        -0.36195     
0.0914        -0.361986    
0.0915        -0.362021    
0.0916        -0.362057    
0.0917        -0.362094    
0.0918        -0.36213     
0.0919        -0.362166    
0.092         -0.362202    
0.0921        -0.362237    
0.0922        -0.362272    
0.0923        -0.362308    
0.0924        -0.362345    
0.0925        -0.362379    
0.0926        -0.362415    
0.0927        -0.362451    
0.0928        -0.362486    
0.0929        -0.362522    
0.093         -0.362558    
0.0931        -0.362594    
0.0932        -0.36263     
0.0933        -0.362666    
0.0934        -0.362701    
0.0935        -0.362736    
0.0936        -0.36277     
0.0937        -0.362808    
0.0938        -0.362844    
0.0939        -0.362879    
0.094         -0.362913    
0.0941        -0.362948    
0.0942        -0.362982    
0.0943        -0.363017    
0.0944        -0.363051    
0.0945        -0.363086    
0.0946        -0.36312     
0.0947        -0.363154    
0.0948        -0.363189    
0.0949        -0.363225    
0.095         -0.363259    
0.0951        -0.363294    
0.0952        -0.363328    
0.0953        -0.363364    
0.0954        -0.363399    
0.0955        -0.363433    
0.0956        -0.363467    
0.0957        -0.363502    
0.0958        -0.363538    
0.0959        -0.363571    
0.096         -0.363605    
0.0961        -0.363639    
0.0962        -0.363672    
0.0963        -0.363707    
0.0964        -0.363741    
0.0965        -0.363773    
0.0966        -0.363807    
0.0967        -0.36384     
0.0968        -0.363874    
0.0969        -0.36391     
0.097         -0.363944    
0.0971        -0.363977    
0.0972        -0.36401     
0.0973        -0.364043    
0.0974        -0.364079    
0.0975        -0.364113    
0.0976        -0.364148    
0.0977        -0.364178    
0.0978        -0.364213    
0.0979        -0.364244    
0.098         -0.36428     
0.0981        -0.364309    
0.0982        -0.364346    
0.0983        -0.364375    
0.0984        -0.364413    
0.0985        -0.364441    
0.0986        -0.364481    
0.0987        -0.364504    
0.0988        -0.364544    
0.0989        -0.364567    
0.099         -0.364609    
0.0991        -0.364631    
0.0992        -0.364675    
0.0993        -0.364698    
0.0994        -0.36474     
0.0995        -0.36476     
0.0996        -0.364802    
0.0997        -0.364823    
0.0998        -0.364864    
0.0999        -0.364887    
0.1           -0.364927    
0.1001        -0.364949    
0.1002        -0.364988    
0.1003        -0.365011    
0.1004        -0.365049    
0.1005        -0.365073    
0.1006        -0.365109    
0.1007        -0.365135    
0.1008        -0.365172    
0.1009        -0.365198    
0.101         -0.365233    
0.1011        -0.365261    
0.1012        -0.365293    
0.1013        -0.36532     
0.1014        -0.365352    
0.1015        -0.365381    
0.1016        -0.365413    
0.1017        -0.365442    
0.1018        -0.365474    
0.1019        -0.365504    
0.102         -0.365536    
0.1021        -0.365564    
0.1022        -0.365595    
0.1023        -0.365622    
0.1024        -0.365651    
0.1025        -0.365678    
0.1026        -0.365708    
0.1027        -0.365735    
0.1028        -0.365765    
0.1029        -0.365793    
0.103         -0.365824    
0.1031        -0.365851    
0.1032        -0.36588     
0.1033        -0.365907    
0.1034        -0.365936    
0.1035        -0.365963    
0.1036        -0.365992    
0.1037        -0.36602     
0.1038        -0.366048    
0.1039        -0.366075    
0.104         -0.366102    
0.1041        -0.366129    
0.1042        -0.366156    
0.1043        -0.366185    
0.1044        -0.366212    
0.1045        -0.36624     
0.1046        -0.366265    
0.1047        -0.366294    
0.1048        -0.36632     
0.1049        -0.36635     
0.105         -0.366375    
0.1051        -0.366403    
0.1052        -0.366426    
0.1053        -0.366454    
0.1054        -0.366477    
0.1055        -0.366504    
0.1056        -0.366528    
0.1057        -0.366556    
0.1058        -0.366579    
0.1059        -0.366606    
0.106         -0.36663     
0.1061        -0.366657    
0.1062        -0.366679    
0.1063        -0.366709    
0.1064        -0.366732    
0.1065        -0.366759    
0.1066        -0.366781    
0.1067        -0.366808    
0.1068        -0.366829    
0.1069        -0.366856    
0.107         -0.366877    
0.1071        -0.366904    
0.1072        -0.366925    
0.1073        -0.36695     
0.1074        -0.366972    
0.1075        -0.366998    
0.1076        -0.367017    
0.1077        -0.367042    
0.1078        -0.367062    
0.1079        -0.367086    
0.108         -0.367106    
0.1081        -0.367131    
0.1082        -0.36715     
0.1083        -0.367174    
0.1084        -0.367194    
0.1085        -0.367219    
0.1086        -0.367238    
0.1087        -0.367262    
0.1088        -0.367282    
0.1089        -0.367305    
0.109         -0.367323    
0.1091        -0.367345    
0.1092        -0.367364    
0.1093        -0.367386    
0.1094        -0.367404    
0.1095        -0.367426    
0.1096        -0.367445    
0.1097        -0.367467    
0.1098        -0.367485    
0.1099        -0.367507    
0.11          -0.367525    
0.1101        -0.367545    
0.1102        -0.367562    
0.1103        -0.367582    
0.1104        -0.3676      
0.1105        -0.36762     
0.1106        -0.367639    
0.1107        -0.367658    
0.1108        -0.367676    
0.1109        -0.367694    
0.111         -0.367711    
0.1111        -0.367728    
0.1112        -0.367746    
0.1113        -0.367764    
0.1114        -0.36778     
0.1115        -0.367798    
0.1116        -0.367815    
0.1117        -0.367833    
0.1118        -0.367849    
0.1119        -0.367867    
0.112         -0.367885    
0.1121        -0.3679      
0.1122        -0.367916    
0.1123        -0.367932    
0.1124        -0.367949    
0.1125        -0.367967    
0.1126        -0.367982    
0.1127        -0.367997    
0.1128        -0.368013    
0.1129        -0.368029    
0.113         -0.368046    
0.1131        -0.36806     
0.1132        -0.368074    
0.1133        -0.368089    
0.1134        -0.368103    
0.1135        -0.368117    
0.1136        -0.368131    
0.1137        -0.368144    
0.1138        -0.368158    
0.1139        -0.368171    
0.114         -0.368186    
0.1141        -0.368199    
0.1142        -0.368212    
0.1143        -0.368226    
0.1144        -0.368238    
0.1145        -0.368252    
0.1146        -0.368264    
0.1147        -0.368276    
0.1148        -0.368288    
0.1149        -0.368302    
0.115         -0.368316    
0.1151        -0.368329    
0.1152        -0.368343    
0.1153        -0.368354    
0.1154        -0.368368    
0.1155        -0.368379    
0.1156        -0.368393    
0.1157        -0.368405    
0.1158        -0.368417    
0.1159        -0.368427    
0.116         -0.368438    
0.1161        -0.36845     
0.1162        -0.368463    
0.1163        -0.368474    
0.1164        -0.368484    
0.1165        -0.368495    
0.1166        -0.368506    
0.1167        -0.368516    
0.1168        -0.368526    
0.1169        -0.368536    
0.117         -0.368545    
0.1171        -0.368554    
0.1172        -0.368564    
0.1173        -0.368575    
0.1174        -0.368586    
0.1175        -0.368597    
0.1176        -0.368606    
0.1177        -0.368615    
0.1178        -0.368624    
0.1179        -0.368633    
0.118         -0.368642    
0.1181        -0.368651    
0.1182        -0.36866     
0.1183        -0.368669    
0.1184        -0.368677    
0.1185        -0.368686    
0.1186        -0.368696    
0.1187        -0.368704    
0.1188        -0.368714    
0.1189        -0.368723    
0.119         -0.368731    
0.1191        -0.36874     
0.1192        -0.368749    
0.1193        -0.368759    
0.1194        -0.368767    
0.1195        -0.368776    
0.1196        -0.368783    
0.1197        -0.368791    
0.1198        -0.368799    
0.1199        -0.368806    
0.12          -0.368814    
0.1201        -0.368824    
0.1202        -0.368831    
0.1203        -0.368839    
0.1204        -0.368847    
0.1205        -0.368854    
0.1206        -0.368865    
0.1207        -0.368873    
0.1208        -0.368882    
0.1209        -0.368889    
0.121         -0.368895    
0.1211        -0.368903    
0.1212        -0.36891     
0.1213        -0.368917    
0.1214        -0.368926    
0.1215        -0.368933    
0.1216        -0.36894     
0.1217        -0.368946    
0.1218        -0.368952    
0.1219        -0.368958    
0.122         -0.368965    
0.1221        -0.368971    
0.1222        -0.368977    
0.1223        -0.368983    
0.1224        -0.368989    
0.1225        -0.368996    
0.1226        -0.369004    
0.1227        -0.369012    
0.1228        -0.369017    
0.1229        -0.369024    
0.123         -0.36903     
0.1231        -0.369037    
0.1232        -0.369044    
0.1233        -0.36905     
0.1234        -0.369055    
0.1235        -0.369061    
0.1236        -0.369069    
0.1237        -0.369077    
0.1238        -0.369083    
0.1239        -0.369088    
0.124         -0.369094    
0.1241        -0.3691      
0.1242        -0.369105    
0.1243        -0.36911     
0.1244        -0.369118    
0.1245        -0.369124    
0.1246        -0.369129    
0.1247        -0.369134    
0.1248        -0.369139    
0.1249        -0.369144    
0.125         -0.369148    
0.1251        -0.369153    
0.1252        -0.369159    
0.1253        -0.369164    
0.1254        -0.36917     
0.1255        -0.369175    
0.1256        -0.369179    
0.1257        -0.369184    
0.1258        -0.369189    
0.1259        -0.369195    
0.126         -0.369201    
0.1261        -0.369206    
0.1262        -0.36921     
0.1263        -0.369215    
0.1264        -0.36922     
0.1265        -0.369224    
0.1266        -0.369228    
0.1267        -0.369232    
0.1268        -0.369236    
0.1269        -0.36924     
0.127         -0.369244    
0.1271        -0.369248    
0.1272        -0.369252    
0.1273        -0.369257    
0.1274        -0.369261    
0.1275        -0.369266    
0.1276        -0.36927     
0.1277        -0.369274    
0.1278        -0.369277    
0.1279        -0.36928     
0.128         -0.369285    
0.1281        -0.369291    
0.1282        -0.369295    
0.1283        -0.369299    
0.1284        -0.369302    
0.1285        -0.369305    
0.1286        -0.369308    
0.1287        -0.369312    
0.1288        -0.369316    
0.1289        -0.369318    
0.129         -0.369321    
0.1291        -0.369323    
0.1292        -0.369326    
0.1293        -0.369329    
0.1294        -0.369331    
0.1295        -0.369334    
0.1296        -0.369338    
0.1297        -0.369341    
0.1298        -0.369342    
0.1299        -0.369344    
0.13          -0.369346    
0.1301        -0.369347    
0.1302        -0.369349    
0.1303        -0.36935     
0.1304        -0.369352    
0.1305        -0.369353    
0.1306        -0.369354    
0.1307        -0.369356    
0.1308        -0.369357    
0.1309        -0.369358    
0.131         -0.369359    
0.1311        -0.36936     
0.1312        -0.36936     
0.1313        -0.369361    
0.1314        -0.369361    
0.1315        -0.369362    
0.1316        -0.369362    
0.1317        -0.369362    
0.1318        -0.369362    
0.1319        -0.369362    
0.132         -0.369361    
0.1321        -0.369361    
0.1322        -0.369361    
0.1323        -0.36936     
0.1324        -0.36936     
0.1325        -0.36936     
0.1326        -0.369359    
0.1327        -0.369358    
0.1328        -0.369357    
0.1329        -0.369356    
0.133         -0.369355    
0.1331        -0.369354    
0.1332        -0.369352    
0.1333        -0.369351    
0.1334        -0.369349    
0.1335        -0.369347    
0.1336        -0.369346    
0.1337        -0.369344    
0.1338        -0.369342    
0.1339        -0.36934     
0.134         -0.369337    
0.1341        -0.369335    
0.1342        -0.369333    
0.1343        -0.36933     
0.1344        -0.369327    
0.1345        -0.369324    
0.1346        -0.369321    
0.1347        -0.369318    
0.1348        -0.369315    
0.1349        -0.369312    
0.135         -0.369309    
0.1351        -0.369305    
0.1352        -0.369301    
0.1353        -0.369297    
0.1354        -0.369293    
0.1355        -0.369289    
0.1356        -0.369285    
0.1357        -0.369281    
0.1358        -0.369276    
0.1359        -0.369273    
0.136         -0.369268    
0.1361        -0.369263    
0.1362        -0.369258    
0.1363        -0.369253    
0.1364        -0.369248    
0.1365        -0.369243    
0.1366        -0.369238    
0.1367        -0.369233    
0.1368        -0.369228    
0.1369        -0.369222    
0.137         -0.369217    
0.1371        -0.36921     
0.1372        -0.369205    
0.1373        -0.369199    
0.1374        -0.369194    
0.1375        -0.36919     
0.1376        -0.369184    
0.1377        -0.369178    
0.1378        -0.369171    
0.1379        -0.369165    
0.138         -0.369158    
0.1381        -0.369151    
0.1382        -0.369144    
0.1383        -0.369138    
0.1384        -0.369131    
0.1385        -0.369124    
0.1386        -0.369117    
0.1387        -0.369111    
0.1388        -0.369103    
0.1389        -0.369096    
0.139         -0.369089    
0.1391        -0.369084    
0.1392        -0.369077    
0.1393        -0.369069    
0.1394        -0.369062    
0.1395        -0.369054    
0.1396        -0.369048    
0.1397        -0.369041    
0.1398        -0.369033    
0.1399        -0.369025    
0.14          -0.369018    
0.1401        -0.36901     
0.1402        -0.369003    
0.1403        -0.368995    
0.1404        -0.368987    
0.1405        -0.368979    
0.1406        -0.368971    
0.1407        -0.368963    
0.1408        -0.368954    
0.1409        -0.368946    
0.141         -0.368939    
0.1411        -0.368931    
0.1412        -0.368923    
0.1413        -0.368915    
0.1414        -0.368907    
0.1415        -0.368898    
0.1416        -0.36889     
0.1417        -0.368882    
0.1418        -0.368874    
0.1419        -0.368867    
0.142         -0.368859    
0.1421        -0.36885     
0.1422        -0.368842    
0.1423        -0.368834    
0.1424        -0.368825    
0.1425        -0.368817    
0.1426        -0.368809    
0.1427        -0.3688      
0.1428        -0.368792    
0.1429        -0.368784    
0.143         -0.368776    
0.1431        -0.368768    
0.1432        -0.36876     
0.1433        -0.368752    
0.1434        -0.368743    
0.1435        -0.368735    
0.1436        -0.368727    
0.1437        -0.368719    
0.1438        -0.368711    
0.1439        -0.368703    
0.144         -0.368695    
0.1441        -0.368686    
0.1442        -0.368678    
0.1443        -0.368671    
0.1444        -0.368662    
0.1445        -0.368654    
0.1446        -0.368646    
0.1447        -0.368638    
0.1448        -0.36863     
0.1449        -0.368622    
0.145         -0.368615    
0.1451        -0.368607    
0.1452        -0.368599    
0.1453        -0.368591    
0.1454        -0.368584    
0.1455        -0.368576    
0.1456        -0.368569    
0.1457        -0.368561    
0.1458        -0.368554    
0.1459        -0.368546    
0.146         -0.368539    
0.1461        -0.368531    
0.1462        -0.368524    
0.1463        -0.368517    
0.1464        -0.368509    
0.1465        -0.368502    
0.1466        -0.368495    
0.1467        -0.368488    
0.1468        -0.368481    
0.1469        -0.368474    
0.147         -0.368467    
0.1471        -0.36846     
0.1472        -0.368453    
0.1473        -0.368446    
0.1474        -0.36844     
0.1475        -0.368433    
0.1476        -0.368426    
0.1477        -0.36842     
0.1478        -0.368413    
0.1479        -0.368406    
0.148         -0.3684      
0.1481        -0.368394    
0.1482        -0.368388    
0.1483        -0.368381    
0.1484        -0.368375    
0.1485        -0.368369    
0.1486        -0.368363    
0.1487        -0.368357    
0.1488        -0.368351    
0.1489        -0.368342    
0.149         -0.368343    
0.1491        -0.368332    
0.1492        -0.368329    
0.1493        -0.368319    
0.1494        -0.368319    
0.1495        -0.368309    
0.1496        -0.368307    
0.1497        -0.368298    
0.1498        -0.368298    
0.1499        -0.368288    
0.15          -0.368287    
0.1501        -0.368277    
0.1502        -0.368277    
0.1503        -0.368267    
0.1504        -0.368266    
0.1505        -0.368257    
0.1506        -0.368257    
0.1507        -0.368247    
0.1508        -0.368247    
0.1509        -0.368238    
0.151         -0.368238    
0.1511        -0.368229    
0.1512        -0.368229    
0.1513        -0.36822     
0.1514        -0.36822     
0.1515        -0.368211    
0.1516        -0.368211    
0.1517        -0.368203    
0.1518        -0.368203    
0.1519        -0.368195    
0.152         -0.368195    
0.1521        -0.368187    
0.1522        -0.368188    
0.1523        -0.36818     
0.1524        -0.36818     
0.1525        -0.368172    
0.1526        -0.368172    
0.1527        -0.368164    
0.1528        -0.368165    
0.1529        -0.368157    
0.153         -0.368158    
0.1531        -0.36815     
0.1532        -0.368151    
0.1533        -0.368143    
0.1534        -0.368144    
0.1535        -0.368137    
0.1536        -0.368138    
0.1537        -0.36813     
0.1538        -0.368132    
0.1539        -0.368124    
0.154         -0.368126    
0.1541        -0.368118    
0.1542        -0.36812     
0.1543        -0.368113    
0.1544        -0.368115    
0.1545        -0.368107    
0.1546        -0.368109    
0.1547        -0.368101    
0.1548        -0.368103    
0.1549        -0.368096    
0.155         -0.368098    
0.1551        -0.368091    
0.1552        -0.368093    
0.1553        -0.368085    
0.1554        -0.368088    
0.1555        -0.36808     
0.1556        -0.368083    
0.1557        -0.368075    
0.1558        -0.368078    
0.1559        -0.368071    
0.156         -0.368073    
0.1561        -0.368066    
0.1562        -0.368069    
0.1563        -0.368062    
0.1564        -0.368065    
0.1565        -0.368058    
0.1566        -0.36806     
0.1567        -0.368053    
0.1568        -0.368056    
0.1569        -0.368049    
0.157         -0.368052    
0.1571        -0.368045    
0.1572        -0.368048    
0.1573        -0.368042    
0.1574        -0.368044    
0.1575        -0.368038    
0.1576        -0.36804     
0.1577        -0.368034    
0.1578        -0.368037    
0.1579        -0.368031    
0.158         -0.368033    
0.1581        -0.368027    
0.1582        -0.368029    
0.1583        -0.368024    
0.1584        -0.368026    
0.1585        -0.36802     
0.1586        -0.368023    
0.1587        -0.368017    
0.1588        -0.368019    
0.1589        -0.368014    
0.159         -0.368016    
0.1591        -0.36801     
0.1592        -0.368013    
0.1593        -0.368007    
0.1594        -0.36801     
0.1595        -0.368004    
0.1596        -0.368006    
0.1597        -0.368       
0.1598        -0.368003    
0.1599        -0.367997    
0.16          -0.368       
0.1601        -0.367994    
0.1602        -0.367997    
0.1603        -0.367991    
0.1604        -0.367994    
0.1605        -0.367988    
0.1606        -0.367991    
0.1607        -0.367985    
0.1608        -0.367987    
0.1609        -0.367982    
0.161         -0.367984    
0.1611        -0.367978    
0.1612        -0.367981    
0.1613        -0.367975    
0.1614        -0.367978    
0.1615        -0.367972    
0.1616        -0.367974    
0.1617        -0.367968    
0.1618        -0.367971    
0.1619        -0.367965    
0.162         -0.367967    
0.1621        -0.367961    
0.1622        -0.367964    
0.1623        -0.367958    
0.1624        -0.36796     
0.1625        -0.367954    
0.1626        -0.367956    
0.1627        -0.36795     
0.1628        -0.367953    
0.1629        -0.367946    
0.163         -0.367949    
0.1631        -0.367943    
0.1632        -0.367945    
0.1633        -0.367938    
0.1634        -0.367943    
0.1635        -0.367935    
0.1636        -0.367938    
0.1637        -0.367931    
0.1638        -0.367936    
0.1639        -0.367928    
0.164         -0.367932    
0.1641        -0.367924    
0.1642        -0.367929    
0.1643        -0.367921    
0.1644        -0.367923    
0.1645        -0.367917    
0.1646        -0.367919    
0.1647        -0.367911    
0.1648        -0.367916    
0.1649        -0.367908    
0.165         -0.36791     
0.1651        -0.367903    
0.1652        -0.367907    
0.1653        -0.367901    
0.1654        -0.367902    
0.1655        -0.367895    
0.1656        -0.367899    
0.1657        -0.367892    
0.1658        -0.367893    
0.1659        -0.367886    
0.166         -0.367889    
0.1661        -0.367882    
0.1662        -0.367883    
0.1663        -0.367876    
0.1664        -0.36788     
0.1665        -0.367872    
0.1666        -0.367873    
0.1667        -0.367866    
0.1668        -0.367869    
0.1669        -0.367861    
0.167         -0.367862    
0.1671        -0.367854    
0.1672        -0.367858    
0.1673        -0.36785     
0.1674        -0.367851    
0.1675        -0.367843    
0.1676        -0.367847    
0.1677        -0.367839    
0.1678        -0.36784     
0.1679        -0.367832    
0.168         -0.367835    
0.1681        -0.367827    
0.1682        -0.367827    
0.1683        -0.367819    
0.1684        -0.367823    
0.1685        -0.367814    
0.1686        -0.367815    
0.1687        -0.367807    
0.1688        -0.36781     
0.1689        -0.367802    
0.169         -0.367802    
0.1691        -0.367794    
0.1692        -0.367797    
0.1693        -0.367788    
0.1694        -0.367789    
0.1695        -0.36778     
0.1696        -0.367783    
0.1697        -0.367774    
0.1698        -0.367774    
0.1699        -0.367766    
0.17          -0.367768    
0.1701        -0.36776     
0.1702        -0.36776     
0.1703        -0.367751    
0.1704        -0.367754    
0.1705        -0.367745    
0.1706        -0.367745    
0.1707        -0.367737    
0.1708        -0.367739    
0.1709        -0.36773     
0.171         -0.36773     
0.1711        -0.367721    
0.1712        -0.367723    
0.1713        -0.367713    
0.1714        -0.367713    
0.1715        -0.367704    
0.1716        -0.367706    
0.1717        -0.367697    
0.1718        -0.367696    
0.1719        -0.367687    
0.172         -0.367689    
0.1721        -0.367679    
0.1722        -0.367679    
0.1723        -0.36767     
0.1724        -0.367671    
0.1725        -0.367661    
0.1726        -0.367661    
0.1727        -0.367652    
0.1728        -0.367653    
0.1729        -0.367644    
0.173         -0.367643    
0.1731        -0.367634    
0.1732        -0.367635    
0.1733        -0.367625    
0.1734        -0.367625    
0.1735        -0.367615    
0.1736        -0.367615    
0.1737        -0.367606    
0.1738        -0.367605    
0.1739        -0.367595    
0.174         -0.367597    
0.1741        -0.367586    
0.1742        -0.367585    
0.1743        -0.367575    
0.1744        -0.367576    
0.1745        -0.367566    
0.1746        -0.367565    
0.1747        -0.367555    
0.1748        -0.367556    
0.1749        -0.367545    
0.175         -0.367544    
0.1751        -0.367533    
0.1752        -0.367534    
0.1753        -0.367523    
0.1754        -0.367522    
0.1755        -0.367511    
0.1756        -0.367512    
0.1757        -0.367501    
0.1758        -0.367499    
0.1759        -0.367488    
0.176         -0.367489    
0.1761        -0.367477    
0.1762        -0.367476    
0.1763        -0.367465    
0.1764        -0.367465    
0.1765        -0.367454    
0.1766        -0.367452    
0.1767        -0.367441    
0.1768        -0.367442    
0.1769        -0.367431    
0.177         -0.367429    
0.1771        -0.367418    
0.1772        -0.367418    
0.1773        -0.367406    
0.1774        -0.367404    
0.1775        -0.367393    
0.1776        -0.367393    
0.1777        -0.367382    
0.1778        -0.36738     
0.1779        -0.367369    
0.178         -0.367369    
0.1781        -0.367357    
0.1782        -0.367354    
0.1783        -0.367343    
0.1784        -0.367342    
0.1785        -0.36733     
0.1786        -0.367327    
0.1787        -0.367315    
0.1788        -0.367316    
0.1789        -0.367303    
0.179         -0.3673      
0.1791        -0.367289    
0.1792        -0.367289    
0.1793        -0.367277    
0.1794        -0.367273    
0.1795        -0.367261    
0.1796        -0.367261    
0.1797        -0.367249    
0.1798        -0.367244    
0.1799        -0.367232    
0.18          -0.367232    
0.1801        -0.36722     
0.1802        -0.367215    
0.1803        -0.367203    
0.1804        -0.367203    
0.1805        -0.367191    
0.1806        -0.367186    
0.1807        -0.367176    
0.1808        -0.367173    
0.1809        -0.36716     
0.181         -0.367157    
0.1811        -0.367145    
0.1812        -0.367142    
0.1813        -0.36713     
0.1814        -0.367126    
0.1815        -0.367114    
0.1816        -0.367111    
0.1817        -0.367098    
0.1818        -0.367095    
0.1819        -0.367082    
0.182         -0.367079    
0.1821        -0.367066    
0.1822        -0.367063    
0.1823        -0.36705     
0.1824        -0.367046    
0.1825        -0.367033    
0.1826        -0.36703     
0.1827        -0.367017    
0.1828        -0.367014    
0.1829        -0.367       
0.183         -0.366998    
0.1831        -0.366983    
0.1832        -0.36698     
0.1833        -0.366966    
0.1834        -0.366964    
0.1835        -0.366949    
0.1836        -0.366947    
0.1837        -0.366932    
0.1838        -0.36693     
0.1839        -0.366915    
0.184         -0.366913    
0.1841        -0.366897    
0.1842        -0.366896    
0.1843        -0.366879    
0.1844        -0.366879    
0.1845        -0.366861    
0.1846        -0.366861    
0.1847        -0.366843    
0.1848        -0.366843    
0.1849        -0.366825    
0.185         -0.366826    
0.1851        -0.366806    
0.1852        -0.366808    
0.1853        -0.366788    
0.1854        -0.36679     
0.1855        -0.366769    
0.1856        -0.366772    
0.1857        -0.36675     
0.1858        -0.366753    
0.1859        -0.366731    
0.186         -0.366735    
0.1861        -0.366712    
0.1862        -0.366717    
0.1863        -0.366693    
0.1864        -0.366698    
0.1865        -0.366674    
0.1866        -0.366679    
0.1867        -0.366654    
0.1868        -0.36666     
0.1869        -0.366635    
0.187         -0.366641    
0.1871        -0.366615    
0.1872        -0.366621    
0.1873        -0.366595    
0.1874        -0.366601    
0.1875        -0.366576    
0.1876        -0.366581    
0.1877        -0.366556    
0.1878        -0.36656     
0.1879        -0.366536    
0.188         -0.36654     
0.1881        -0.366516    
0.1882        -0.366519    
0.1883        -0.366496    
0.1884        -0.366498    
0.1885        -0.366476    
0.1886        -0.366477    
0.1887        -0.366455    
0.1888        -0.366456    
0.1889        -0.366434    
0.189         -0.366434    
0.1891        -0.366413    
0.1892        -0.366413    
0.1893        -0.366393    
0.1894        -0.366392    
0.1895        -0.366372    
0.1896        -0.36637     
0.1897        -0.366351    
0.1898        -0.366348    
0.1899        -0.366329    
0.19          -0.366326    
0.1901        -0.366307    
0.1902        -0.366304    
0.1903        -0.366286    
0.1904        -0.366282    
0.1905        -0.366264    
0.1906        -0.366259    
0.1907        -0.366241    
0.1908        -0.366237    
0.1909        -0.366219    
0.191         -0.366214    
0.1911        -0.366197    
0.1912        -0.366192    
0.1913        -0.366175    
0.1914        -0.366169    
0.1915        -0.366152    
0.1916        -0.366146    
0.1917        -0.366129    
0.1918        -0.366123    
0.1919        -0.366107    
0.192         -0.3661      
0.1921        -0.366084    
0.1922        -0.366077    
0.1923        -0.366061    
0.1924        -0.366053    
0.1925        -0.366037    
0.1926        -0.366029    
0.1927        -0.366013    
0.1928        -0.366005    
0.1929        -0.36599     
0.193         -0.365981    
0.1931        -0.365966    
0.1932        -0.365956    
0.1933        -0.365941    
0.1934        -0.365932    
0.1935        -0.365917    
0.1936        -0.365909    
0.1937        -0.365893    
0.1938        -0.365884    
0.1939        -0.365867    
0.194         -0.36586     
0.1941        -0.365843    
0.1942        -0.365835    
0.1943        -0.365817    
0.1944        -0.36581     
0.1945        -0.365792    
0.1946        -0.365785    
0.1947        -0.365766    
0.1948        -0.36576     
0.1949        -0.365741    
0.195         -0.365735    
0.1951        -0.365716    
0.1952        -0.36571     
0.1953        -0.36569     
0.1954        -0.365683    
0.1955        -0.365663    
0.1956        -0.365658    
0.1957        -0.365638    
0.1958        -0.365632    
0.1959        -0.365611    
0.196         -0.365606    
0.1961        -0.365585    
0.1962        -0.36558     
0.1963        -0.365559    
0.1964        -0.365553    
0.1965        -0.365533    
0.1966        -0.365528    
0.1967        -0.365507    
0.1968        -0.365502    
0.1969        -0.365481    
0.197         -0.365475    
0.1971        -0.365454    
0.1972        -0.365448    
0.1973        -0.365427    
0.1974        -0.365421    
0.1975        -0.365399    
0.1976        -0.365394    
0.1977        -0.365373    
0.1978        -0.365368    
0.1979        -0.365345    
0.198         -0.36534     
0.1981        -0.365318    
0.1982        -0.365312    
0.1983        -0.36529     
0.1984        -0.365286    
0.1985        -0.365263    
0.1986        -0.365257    
0.1987        -0.365235    
0.1988        -0.365229    
0.1989        -0.365207    
0.199         -0.365201    
0.1991        -0.365178    
0.1992        -0.365173    
0.1993        -0.36515     
0.1994        -0.365144    
0.1995        -0.365121    
0.1996        -0.365116    
0.1997        -0.365093    
0.1998        -0.365087    
0.1999        -0.365064    
0.2           -0.365058    
0.2001        -0.365035    
0.2002        -0.365029    
0.2003        -0.365006    
0.2004        -0.365       
0.2005        -0.364976    
0.2006        -0.36497     
0.2007        -0.364947    
0.2008        -0.364941    
0.2009        -0.364918    
0.201         -0.364911    
0.2011        -0.364888    
0.2012        -0.364881    
0.2013        -0.364858    
0.2014        -0.364851    
0.2015        -0.364828    
0.2016        -0.364822    
0.2017        -0.364798    
0.2018        -0.364792    
0.2019        -0.364768    
0.202         -0.364761    
0.2021        -0.364738    
0.2022        -0.364731    
0.2023        -0.364707    
0.2024        -0.364701    
0.2025        -0.364677    
0.2026        -0.36467     
0.2027        -0.364646    
0.2028        -0.364639    
0.2029        -0.364615    
0.203         -0.364608    
0.2031        -0.364584    
0.2032        -0.364577    
0.2033        -0.364553    
0.2034        -0.364546    
0.2035        -0.364522    
0.2036        -0.364515    
0.2037        -0.364491    
0.2038        -0.364484    
0.2039        -0.364459    
0.204         -0.364452    
0.2041        -0.364427    
0.2042        -0.36442     
0.2043        -0.364395    
0.2044        -0.364388    
0.2045        -0.364363    
0.2046        -0.364356    
0.2047        -0.364331    
0.2048        -0.364324    
0.2049        -0.364298    
0.205         -0.364291    
